HG01124	HG00274	500293	694731	1.05521	9	4
HG01124	HG01197	500293	694731	1.05521	9	3
HG02090	HG01124	500293	694731	1.05521	9	4
NA19058	NA19006	536859	708706	1.06306	9	5
NA11920	HG00239	536859	708706	1.06306	9	4
HG00324	NA12144	500293	708706	1.13235	10	5
HG00614	NA19058	536859	708706	1.06306	9	5
HG02477	HG02774	536859	708706	1.06306	9	5
NA18973	HG02351	536859	708706	1.06306	9	5
HG00274	HG01197	500293	708706	1.13235	10	4
HG01049	HG00638	536859	721797	1.08907	10	6
NA18543	NA18610	536859	721797	1.08907	10	4
HG02028	NA18560	500293	721797	1.15836	11	6
HG00614	HG02374	536859	721797	1.08907	10	5
HG00614	HG02351	536859	721797	1.08907	10	6
NA18621	NA18648	459720	721797	1.16516	12	6
HG02047	HG00759	536859	721797	1.08907	10	6
HG02759	HG02759	536859	733963	1.09614	11	5
NA19006	NA18535	536859	733963	1.09614	11	5
HG00339	HG00366	536859	733963	1.09614	11	4
HG00132	HG00173	536859	733963	1.09614	11	4
HG00614	NA18959	536859	733963	1.09614	11	6
NA19058	NA18959	536859	733963	1.09614	11	4
NA18946	NA18626	536859	733963	1.09614	11	6
NA18611	HG00759	536859	733963	1.09614	11	6
NA18611	NA18620	536859	733963	1.09614	11	5
HG03926	NA18617	536859	733963	1.09614	11	5
HG01556	NA19657	536859	733963	1.09614	11	6
HG02064	HG02164	536859	733963	1.09614	11	6
HG04173	NA20527	536859	733963	1.09614	11	6
NA19006	HG02351	536859	733963	1.09614	11	6
NA18988	NA19089	500293	733963	1.16543	12	5
HG00864	HG00759	536859	733963	1.09614	11	6
HG00864	NA18620	536859	733963	1.09614	11	6
HG03788	HG01610	536859	733963	1.09614	11	6
HG01850	HG02367	536859	733963	1.09614	11	6
NA18979	NA18973	536859	733963	1.09614	11	6
HG03800	NA20867	536859	733963	1.09614	11	5
NA18999	HG00701	536859	733963	1.09614	11	6
HG02221	HG02774	536859	733963	1.09614	11	4
NA06984	HG01479	500293	733963	1.16543	12	5
HG02164	HG02351	536859	733963	1.09614	11	5
NA19006	HG01855	536859	733963	1.09614	11	5
NA19006	NA18959	536859	733963	1.09614	11	5
HG03829	NA21113	536859	733963	1.09614	11	6
HG00844	NA18946	536859	733963	1.09614	11	6
HG02374	HG02351	536859	733963	1.09614	11	5
HG02374	NA19006	536859	733963	1.09614	11	6
NA18620	HG00759	536859	733963	1.09614	11	6
NA18545	HG02697	536859	733963	1.09614	11	6
NA20866	HG00239	536859	733963	1.09614	11	4
HG00717	HG00632	536859	733963	1.09614	11	6
HG00717	NA18979	536859	733963	1.09614	11	6
NA19732	HG02146	536859	733963	1.09614	11	4
HG00452	NA19783	500293	733963	1.16543	12	6
HG00125	HG00239	536859	745444	1.25516	12	3
HG02224	HG00125	500293	745444	1.32445	13	4
HG00583	NA18560	583587	745444	1.00931	10	3
HG00234	HG00351	500293	745444	1.32445	13	4
HG01705	HG00239	536859	745444	1.25516	12	4
HG02090	HG01456	536859	745444	1.25516	12	4
HG01556	HG02146	536859	745444	1.25516	12	5
HG00351	HG00125	500293	745444	1.32445	13	5
HG00864	NA18611	536859	745444	1.25516	12	6
HG00239	HG00349	536859	745444	1.25516	12	4
NA18965	HG02374	553269	745444	1.098	11	4
HG01456	HG02265	500293	745444	1.32445	13	5
HG00171	HG01479	583587	745444	1.00931	10	4
HG02146	NA19734	500293	745444	1.32445	13	4
HG01251	NA19734	536859	745444	1.25516	12	5
HG02275	HG01456	500293	745444	1.32445	13	6
NA19006	NA18609	583587	745444	1.00931	10	4
HG02047	HG01855	536859	745444	1.25516	12	5
HG01378	HG01250	536859	745444	1.25516	12	4
NA19670	HG00160	500293	755217	1.36533	14	7
NA20874	HG01700	599339	764887	1.00145	11	6
HG00717	NA18620	599339	764887	1.00145	11	6
NA18999	HG02373	599339	764887	1.00145	11	6
NA18965	NA18949	599339	764887	1.00145	11	5
HG00379	NA12878	599339	764887	1.00145	11	5
HG04173	HG02696	599339	764887	1.00145	11	6
NA18543	NA19058	599339	764887	1.00145	11	6
NA20542	NA20536	536859	764887	1.30739	14	7
HG00328	NA19741	599339	764887	1.00145	11	5
HG02681	HG01704	599339	764887	1.00145	11	6
NA18610	NA18973	599339	764887	1.00145	11	5
HG00436	NA18959	599339	764887	1.00145	11	6
HG00463	NA18968	599339	764887	1.00145	11	5
NA18965	HG00867	599339	764887	1.00145	11	6
HG03908	HG03703	599339	764887	1.00145	11	4
HG01551	NA19067	599339	764887	1.00145	11	6
HG00844	NA18968	599339	764887	1.00145	11	6
HG02374	HG00560	599339	764887	1.00145	11	5
HG03949	NA19783	599339	764887	1.00145	11	6
NA19782	HG04029	599339	764887	1.00145	11	6
HG02401	NA19782	599339	764887	1.00145	11	5
NA20870	NA11840	599339	764887	1.00145	11	5
HG00593	NA18944	599339	774968	1.04497	12	6
NA21101	HG02147	599339	774968	1.04497	12	6
NA18627	HG02156	599339	774968	1.04497	12	6
HG00698	HG01855	599339	774968	1.04497	12	5
NA18528	NA19759	599339	774968	1.04497	12	5
NA21094	NA20899	536859	774968	1.35091	15	7
HG00407	HG00593	583587	774968	1.10506	13	6
HG00407	HG00864	599339	774968	1.04497	12	5
HG02090	HG02265	536859	774968	1.35091	15	6
HG02512	HG01867	599339	774968	1.04497	12	6
HG01850	HG03910	599339	774968	1.04497	12	5
NA18961	NA19755	536859	774968	1.35091	15	8
HG00864	HG00593	599339	774968	1.04497	12	6
NA18621	NA19006	599339	774968	1.04497	12	5
HG02040	HG02351	599339	774968	1.04497	12	5
HG01948	HG02304	599339	774968	1.04497	12	6
NA21113	NA21094	536859	774968	1.35091	15	7
HG00614	HG01872	599339	774968	1.04497	12	6
HG02224	HG00239	536859	774968	1.35091	15	5
NA18627	HG02067	599339	774968	1.04497	12	6
HG02252	HG01390	599339	774968	1.04497	12	6
HG02304	HG01197	583587	774968	1.10506	13	5
HG02304	HG02265	599339	774968	1.04497	12	3
HG02067	HG02082	599339	774968	1.04497	12	5
HG02236	HG01182	599339	774968	1.04497	12	4
NA18747	HG01867	599339	774968	1.04497	12	5
NA18528	NA18638	599339	774968	1.04497	12	6
NA18545	NA19089	536859	774968	1.35091	15	6
HG00614	NA19006	536859	774968	1.35091	15	7
HG03691	NA20899	599339	774968	1.04497	12	6
HG00698	NA19065	599339	774968	1.04497	12	6
NA20896	NA20867	459720	774968	1.427	17	6
HG01699	NA20502	599339	774968	1.04497	12	3
HG02090	HG01197	500293	774968	1.4202	16	6
HG01927	HG02356	583587	774968	1.10506	13	6
HG02374	NA18949	599339	774968	1.04497	12	5
HG00142	HG01710	599339	774968	1.04497	12	6
HG01927	HG02146	536859	774968	1.35091	15	7
HG01927	NA19732	536859	774968	1.35091	15	7
HG00566	HG02122	599339	774968	1.04497	12	6
HG01251	HG02146	583587	774968	1.10506	13	5
HG02275	HG02265	500293	774968	1.4202	16	8
HG02275	HG02304	583587	774968	1.10506	13	6
HG02275	HG02090	500293	774968	1.4202	16	8
HG00864	HG01868	599339	774968	1.04497	12	6
HG02512	HG02180	599339	774968	1.04497	12	3
HG02067	HG02156	599339	774968	1.04497	12	5
HG02090	HG02304	599339	774968	1.04497	12	4
HG00407	HG02067	599339	774968	1.04497	12	4
HG00407	NA18627	599339	774968	1.04497	12	6
NA11931	HG04144	599339	774968	1.04497	12	6
HG00698	HG01872	599339	774968	1.04497	12	6
HG02367	HG01862	599339	774968	1.04497	12	5
HG03788	NA21094	599339	774968	1.04497	12	5
HG02275	HG01197	500293	782450	1.56448	17	7
HG00234	HG00125	599339	782450	1.18925	13	5
HG00463	HG00844	583587	782450	1.24934	14	5
HG02116	HG00844	615559	782450	1.12284	12	4
NA19734	HG02265	599339	782450	1.18925	13	4
NA18545	NA18626	599339	782450	1.18925	13	5
HG00122	NA07048	459720	782450	1.57129	18	7
NA12890	NA11918	583587	782450	1.24934	14	5
HG00407	HG02156	599339	782450	1.18925	13	5
HG02265	HG01197	599339	793135	1.31662	14	6
NA19732	HG01251	599339	838260	1.52632	17	7
HG01067	HG01060	673748	850420	1.1021	14	2
NA19734	NA19726	536859	850420	1.84718	21	7
HG00137	HG00160	536859	850420	1.84718	21	10
HG00365	HG00278	658333	863271	1.20278	16	6
HG00109	HG00362	658333	863271	1.20278	16	6
NA12776	HG02737	764888	1011018	1.04835	18	10
HG01494	HG00189	775014	1011018	1.00303	17	9
NA11920	HG00189	764888	1011018	1.04835	18	7
NA21113	NA19731	764888	1011018	1.04835	18	11
NA21087	NA21118	764888	1011018	1.04835	18	6
HG00867	HG02186	807699	1186321	1.19531	20	10
HG01105	HG02090	838776	1206194	1.02161	19	8
NA18998	NA19059	850519	1206194	1.00674	18	8
NA21123	NA21118	838776	1206194	1.02161	19	7
HG02277	HG03899	807699	1206194	1.2074	21	11
HG03595	HG03870	906687	1256877	1.03353	15	7
NA18605	HG03663	906687	1256877	1.03353	15	9
HG00457	NA19064	906687	1256877	1.03353	15	8
HG02356	NA19067	906687	1256877	1.03353	15	9
HG02047	NA19064	863508	1256877	1.03454	18	8
NA12005	HG01589	906687	1256877	1.03353	15	8
HG01775	HG00109	906687	1256877	1.03353	15	8
HG01863	HG02356	906687	1256877	1.03353	15	7
HG01435	HG01456	906687	1256877	1.03353	15	6
HG00463	NA18943	906687	1256877	1.03353	15	8
NA18605	HG02128	906687	1256877	1.03353	15	7
HG02047	NA19078	906687	1256877	1.03353	15	8
NA18621	HG00663	906687	1256877	1.03353	15	7
HG01456	NA19762	906687	1256877	1.03353	15	6
HG02374	HG01286	906687	1256877	1.03353	15	6
NA19731	NA19732	880964	1256877	1.03353	17	8
HG02275	NA19074	906687	1256877	1.03353	15	9
HG02090	HG02147	880964	1256877	1.03353	17	9
HG00126	HG02733	906687	1256877	1.03353	15	5
HG04014	NA19761	906687	1256877	1.03353	15	8
NA18957	NA18943	906687	1256877	1.03353	15	6
NA18621	HG03595	940111	1280344	1.04318	13	7
HG03916	NA18570	940111	1298397	1.09868	14	8
HG03965	NA20853	940111	1298397	1.09868	14	7
HG02356	NA18943	955893	1298397	1.06641	13	5
HG00699	HG00879	940111	1298397	1.09868	14	7
HG00611	HG00879	940111	1298397	1.09868	14	6
HG02252	HG00111	906687	1298397	1.26803	17	10
HG02236	HG00159	940111	1298397	1.09868	14	7
HG04210	NA18943	955893	1298397	1.06641	13	7
NA18957	HG00159	975085	1325687	1.03494	13	6
NA19091	NA18620	906687	1325687	1.30644	18	10
HG00463	NA19088	906687	1325687	1.30644	18	8
NA21088	NA12414	823504	1325687	1.47164	24	13
HG00171	NA11931	940111	1325687	1.13709	15	8
HG02058	NA19004	940111	1325687	1.13709	15	8
NA19064	NA19075	895418	1325687	1.30644	19	8
NA21142	NA21118	863508	1339715	1.32532	22	11
HG04210	NA18629	955893	1402161	1.20539	19	10
NA12414	HG03805	975085	1458329	1.16888	20	10
HG00463	HG02026	993161	1502649	1.07581	22	11
HG00186	HG00358	1525084	1925837	1.02377	18	9
HG00638	HG01603	1644304	1977600	1.00214	17	8
NA18957	NA18627	1644304	1977600	1.00214	17	5
HG02649	NA21104	1525084	1998187	1.11609	22	9
NA12748	HG02649	1690502	1998187	1.00216	14	5
NA20769	NA21104	1690502	2024831	1.0198	15	7
HG01259	NA21104	1690502	2024831	1.0198	15	7
HG00699	HG03784	1659507	2024831	1.03222	18	8
NA12748	NA21104	1690502	2024831	1.0198	15	5
NA19347	NA19320	1683479	2024831	1.02679	16	8
NA18617	NA18973	1690502	2024831	1.0198	15	8
HG00654	NA19055	1669726	2024831	1.0272	17	9
HG02058	HG02379	1602668	2024831	1.11712	21	9
HG00365	HG00331	1690502	2024831	1.0198	15	7
NA19731	HG02146	1553056	2024831	1.12523	22	11
HG02278	HG02304	1644304	2024831	1.04703	19	8
NA21086	NA18973	1622201	2024831	1.05142	20	10
HG03694	HG04194	1728718	2049584	1.023	14	7
HG03717	HG03861	1728718	2049584	1.023	14	6
NA12748	HG00256	1690502	2049584	1.07021	16	6
NA19770	NA19723	1644304	2049584	1.09744	20	9
NA18605	HG00629	1683479	2059233	1.07836	18	10
HG00653	HG02029	1683479	2059233	1.07836	18	7
HG01806	HG01813	1683479	2059233	1.07836	18	7
NA18579	HG02075	1690502	2059233	1.07137	17	7
NA11843	HG00315	1644304	2059233	1.0986	21	10
NA11843	NA12873	1644304	2116729	1.11272	23	8
HG00181	NA12776	1644304	2116729	1.11272	23	11
HG01491	NA12546	2230336	2387279	1.0177	9	4
HG01842	HG00583	2230336	2423036	1.03741	11	5
NA20778	NA07347	2230336	2423036	1.03741	11	5
HG00593	HG03800	2181686	2423036	1.10212	14	6
NA18968	NA19651	2230336	2423036	1.03741	11	5
HG01783	NA20529	2250767	2484791	1.02258	12	5
HG02512	NA19067	2230336	2484791	1.1293	13	5
NA11931	NA07347	2250767	2484791	1.02258	12	4
HG00238	HG00632	2250767	2484791	1.02258	12	5
NA19078	NA18946	2250767	2484791	1.02258	12	6
HG02089	HG01348	2250767	2484791	1.02258	12	5
NA18968	HG01948	2198288	2484791	1.17288	15	8
HG03663	HG03977	2250767	2484791	1.02258	12	6
NA20515	NA21123	2250767	2484791	1.02258	12	6
HG01378	HG01124	2250767	2484791	1.02258	12	4
HG00653	NA19006	2298588	2572592	1.12667	15	7
NA07357	HG00235	2279909	2627648	1.23367	20	10
NA19786	NA20778	4335364	4627600	1.02941	15	8
NA18998	HG02082	4222219	4627600	1.13174	22	11
NA20850	HG02397	4335364	4636593	1.03225	16	8
NA18603	HG01867	4335364	4689236	1.16904	18	6
HG00310	NA21108	4335364	4703120	1.28589	19	8
HG02029	HG02375	4375601	4703120	1.12925	17	7
HG01923	NA18645	4426656	4703120	1.01643	14	6
HG02783	NA19075	4406631	4703120	1.02876	15	8
NA19752	HG02425	4406631	4719839	1.17389	16	7
HG04211	NA18603	4459954	4727884	1.01028	15	8
HG00653	NA18621	4654585	4884978	1.0721	15	8
NA12878	HG01565	4627601	4884978	1.10187	17	10
NA19377	NA19307	4689412	4943696	1.11016	16	7
HG00651	HG00592	5032509	5258819	1.003	11	5
HG02356	HG01869	5032509	5270622	1.00306	12	5
NA20530	HG03856	5063931	5300759	1.00322	14	7
HG00651	NA18543	5048402	5300759	1.00818	15	7
NA19725	HG04080	5032509	5300759	1.01622	16	6
HG01816	NA18610	5048402	5300759	1.00818	15	7
NA19087	HG01140	5048402	5300759	1.00818	15	6
NA18620	NA19059	5063931	5300759	1.00322	14	6
HG01863	NA18629	4856160	5300759	1.52386	24	11
NA19723	HG01197	5063931	5300759	1.00322	14	7
HG02392	HG02113	5048402	5300759	1.00818	15	7
NA18565	HG01855	5078377	5300759	1.0028	13	7
NA18623	NA19056	5063931	5300759	1.00322	14	7
NA21113	NA18609	5048402	5300759	1.00818	15	7
HG03913	NA20887	5078377	5300759	1.0028	13	5
NA19055	HG00629	5048402	5300759	1.00818	15	7
HG00407	HG02067	5063931	5300759	1.00322	14	7
HG02029	HG02364	5048402	5314840	1.01729	16	8
HG02026	HG00596	5109269	5314840	1.00569	13	5
HG00116	NA18539	5048402	5332715	1.02355	17	7
NA18544	HG04194	5109269	5332715	1.01194	14	7
NA20540	NA12872	5109269	5332715	1.01194	14	5
NA21122	NA18565	5048402	5332715	1.02355	17	7
HG01863	NA18543	5063931	5332715	1.0186	16	6
HG02392	HG02087	5109269	5332715	1.01194	14	6
HG04222	HG00131	5048402	5332715	1.02355	17	7
HG02040	HG01862	5048402	5332715	1.02355	17	9
NA21122	HG02190	5048402	5332715	1.02355	17	8
HG00592	HG02029	5048402	5332715	1.02355	17	7
NA18965	NA19089	5109269	5344064	1.01497	15	6
NA18965	NA18539	5048402	5344064	1.02657	18	9
NA18609	NA18971	5048402	5344064	1.02657	18	9
HG03736	HG03796	5109269	5344064	1.01497	15	5
NA12873	HG00173	5078377	5344064	1.0212	16	4
HG02050	HG02364	5129356	5383450	1.09975	16	8
HG02221	NA20528	5129356	5409307	1.1143	17	10
NA18965	NA19070	5181239	5409307	1.10585	15	9
NA20787	NA20810	5181239	5409307	1.10585	15	6
NA20790	HG01610	5129356	5409307	1.1143	17	7
HG03780	NA19060	5181239	5409307	1.10585	15	9
HG00693	HG01173	5129356	5463394	1.18368	22	10
HG02047	HG02029	5048402	5474296	1.46272	27	13
HG00096	HG00125	5700700	5890582	1.03349	12	6
HG00376	NA12830	6704748	6995017	1.20859	13	7
NA19471	NA19318	6857854	7336797	1.17705	22	12
HG01455	HG02373	6958651	7560520	1.07036	28	16
HG03922	HG00173	7508920	8058810	1.00539	27	17
HG01354	HG00265	7689184	8226894	1.03347	24	13
NA20530	HG00274	8991460	9401940	1.01673	13	7
HG01503	NA12716	9011998	9401940	1.00401	12	4
HG02299	HG02348	8940464	9401940	1.04994	15	7
HG02252	NA19771	9011998	9401940	1.00401	12	6
HG01351	HG02281	9011998	9401940	1.00401	12	5
HG02309	HG01991	9011998	9401940	1.00401	12	7
HG01259	HG03663	9011998	9401940	1.00401	12	5
HG01606	HG01054	9011998	9401940	1.00401	12	5
HG00233	HG00118	9011998	9401940	1.00401	12	5
NA18538	HG02309	9011998	9401940	1.00401	12	7
NA21113	HG01474	9011998	9401940	1.00401	12	6
HG02356	HG02774	9011998	9401940	1.00401	12	7
HG00101	HG01351	8912780	9401940	1.10894	16	7
HG01354	HG00331	9011998	9401940	1.00401	12	6
HG01351	NA20540	9011998	9401940	1.00401	12	5
HG00110	NA20856	9011998	9401940	1.00401	12	5
HG02728	HG02658	9011998	9401940	1.00401	12	5
HG00310	HG01506	9011998	9401940	1.00401	12	6
HG01939	HG03991	9011998	9401940	1.00401	12	6
HG00310	HG00131	9011998	9401940	1.00401	12	6
HG01435	NA19717	9011998	9401940	1.00401	12	6
HG03653	NA20828	9011998	9401940	1.00401	12	6
HG04173	HG02190	9011998	9401940	1.00401	12	6
HG01606	HG00315	8963260	9401940	1.02902	14	5
HG02367	HG03595	9011998	9401940	1.00401	12	6
HG04107	NA11918	9011998	9401940	1.00401	12	6
HG02089	NA19091	9011998	9401940	1.00401	12	6
HG00242	NA20797	9011998	9401940	1.00401	12	6
NA19726	HG01465	9011998	9401940	1.00401	12	6
NA20540	HG00315	9011998	9401940	1.00401	12	5
NA20512	NA20581	9011998	9401940	1.00401	12	7
HG03717	HG03902	8940464	9401940	1.04994	15	8
HG02780	HG01672	9011998	9401940	1.00401	12	6
HG03436	HG03394	9011998	9401940	1.00401	12	6
HG01695	HG02215	9011998	9401940	1.00401	12	4
HG00334	HG03235	8963260	9401940	1.02902	14	7
HG00131	HG03663	9011998	9401940	1.00401	12	7
HG00125	HG03663	9011998	9401940	1.00401	12	6
NA18539	NA19741	9011998	9401940	1.00401	12	5
HG00131	HG01565	9011998	9401940	1.00401	12	6
HG03755	HG03625	9011998	9428684	1.04939	13	4
HG00315	NA21108	8991460	9428684	1.0621	14	5
HG03951	HG00560	8991460	9428684	1.0621	14	8
HG01695	NA20581	9011998	9428684	1.04939	13	5
NA20586	NA20581	8963260	9428684	1.07439	15	8
HG00122	NA20797	9011998	9428684	1.04939	13	7
HG04229	NA20810	9011998	9428684	1.04939	13	7
NA19074	HG02156	8963260	9428684	1.07439	15	7
NA19074	HG02367	8963260	9428684	1.07439	15	7
HG00357	HG00328	9011998	9428684	1.04939	13	7
HG02367	HG03902	8963260	9428684	1.07439	15	7
HG03625	HG00130	9011998	9428684	1.04939	13	8
NA12144	NA20810	9011998	9428684	1.04939	13	6
HG01801	HG02367	9011998	9428684	1.04939	13	6
HG04020	HG01700	8963260	9428684	1.07439	15	6
HG01589	HG00151	9011998	9428684	1.04939	13	4
HG02048	NA21122	9011998	9428684	1.04939	13	5
HG00125	HG01348	9011998	9428684	1.04939	13	5
HG00266	HG02221	9030640	9428684	1.04518	12	5
NA20536	HG01348	9030640	9428684	1.04518	12	6
HG01565	HG03663	8991460	9428684	1.0621	14	6
NA19679	HG02783	9011998	9428684	1.04939	13	7
HG00137	NA20812	9011998	9428684	1.04939	13	7
HG04020	NA20810	9011998	9428684	1.04939	13	6
NA19471	NA19351	8963260	9428684	1.07439	15	3
HG01351	HG00151	9011998	9428684	1.04939	13	4
NA19670	HG01190	9011998	9428684	1.04939	13	5
HG01625	HG00315	9011998	9428684	1.04939	13	6
NA19435	NA19455	8940464	9428684	1.09531	16	8
HG00176	HG01632	9011998	9428684	1.04939	13	7
NA07357	HG01565	9011998	9428684	1.04939	13	5
HG00328	HG02774	9011998	9428684	1.04939	13	7
HG00151	HG01500	9011998	9428684	1.04939	13	6
HG00132	HG01474	9011998	9428684	1.04939	13	5
HG02374	HG04141	9011998	9462036	1.05338	14	5
NA12144	HG00315	8991460	9462036	1.0661	15	4
HG01474	HG02649	8991460	9462036	1.0661	15	7
HG01801	NA19074	9011998	9462036	1.05338	14	5
NA12156	HG00125	9011998	9462036	1.05338	14	5
NA20870	HG03963	9011998	9462036	1.05338	14	7
NA20771	HG03963	8991460	9462036	1.0661	15	4
NA12340	HG01786	9011998	9462036	1.05338	14	7
HG03787	NA21120	8963260	9462036	1.07839	16	6
HG01628	HG01054	9011998	9462036	1.05338	14	7
HG01491	HG01606	9011998	9462036	1.05338	14	7
HG00328	HG00339	9011998	9483798	1.06282	15	9
NA20866	HG00174	9011998	9483798	1.06282	15	7
HG01351	NA12890	9011998	9483798	1.06282	15	5
HG01491	HG00315	9011998	9483798	1.06282	15	8
HG01939	NA20771	8991460	9483798	1.07553	16	8
HG01491	HG01500	9011998	9483798	1.06282	15	5
NA18965	HG01500	9011998	9483798	1.06282	15	6
HG02783	HG03692	9011998	9483798	1.06282	15	7
HG01351	HG01991	9011998	9483798	1.06282	15	7
HG01351	HG02783	8963260	9483798	1.08782	17	6
HG01705	HG02348	9011998	9483798	1.06282	15	7
NA20822	HG01500	9011998	9483798	1.06282	15	8
HG01259	HG00137	9011998	9483798	1.06282	15	7
HG02348	NA20771	9011998	9483798	1.06282	15	8
HG01606	HG01672	9011998	9483798	1.06282	15	6
NA11931	NA12414	9011998	9483798	1.06282	15	9
HG01673	NA11995	9011998	9483798	1.06282	15	5
NA20542	HG01351	9011998	9483798	1.06282	15	6
HG01589	HG01351	9011998	9483798	1.06282	15	4
HG01779	HG00315	9011998	9483798	1.06282	15	6
HG01672	HG00315	9011998	9483798	1.06282	15	7
HG00315	HG02783	8963260	9483798	1.08782	17	8
NA18965	HG00131	9011998	9483798	1.06282	15	8
HG00122	HG01474	9011998	9483798	1.06282	15	8
HG00131	HG01500	9011998	9483798	1.06282	15	7
HG01491	HG01672	9011998	9483798	1.06282	15	7
HG01695	HG01351	9011998	9483798	1.06282	15	8
HG01259	HG01500	9011998	9483798	1.06282	15	5
NA20796	HG03861	9126762	9523379	1.21222	12	6
HG00339	HG02233	9126762	9523379	1.21222	12	6
HG01783	HG01402	9056157	9523379	1.22206	15	8
HG04229	NA11995	9096762	9523379	1.21483	13	5
NA20542	HG02783	9011998	9523379	1.34572	17	7
NA06989	HG03844	9065739	9523379	1.22103	14	8
NA20870	HG03861	9056157	9523379	1.22206	15	8
NA21120	HG00238	9096762	9523379	1.21483	13	7
HG01783	HG00125	9065739	9523379	1.22103	14	7
HG01500	NA11918	9096762	9523379	1.21483	13	6
HG02252	NA19755	8940464	9523379	1.39164	20	10
HG00110	HG00281	9065739	9523379	1.22103	14	8
NA12716	HG00189	9126762	9523379	1.21222	12	7
NA12144	NA11995	9065739	9523379	1.22103	14	5
HG03731	NA11995	9065739	9523379	1.22103	14	6
HG01705	HG01672	9056157	9523379	1.22206	15	6
HG00125	HG01323	9056157	9523379	1.22206	15	5
HG01054	NA12716	9011998	9523379	1.34572	17	8
HG01089	NA11995	9065739	9523379	1.22103	14	5
HG00125	HG01500	9011998	9523379	1.34572	17	7
HG01779	HG03690	9096762	9523379	1.21483	13	7
HG01565	HG01323	9065739	9523379	1.22103	14	6
HG02009	HG03129	9065739	9523379	1.22103	14	8
HG00233	HG01779	9096762	9523379	1.21483	13	7
HG02116	HG02180	9065739	9523379	1.22103	14	6
NA12830	HG00238	9056157	9523379	1.22206	15	5
HG00142	HG01672	9056157	9523379	1.22206	15	8
HG00151	HG03663	8940464	9523379	1.39164	20	11
HG00238	HG01565	9096762	9523379	1.21483	13	6
HG03672	HG02356	9056157	9554125	1.22712	16	7
HG00115	HG00189	9096762	9554125	1.21988	14	5
HG00339	NA20536	9065739	9554125	1.22608	15	7
HG02185	NA18959	9126762	9554125	1.21727	13	5
HG01695	HG01761	9011998	9554125	1.35078	18	9
NA06989	HG01565	8963260	9554125	1.37578	20	8
HG01783	NA12830	9096762	9554125	1.21988	14	6
HG02116	HG01779	9065739	9554125	1.22608	15	6
HG03868	HG03750	8963260	9554125	1.37578	20	8
HG03755	HG01054	9011998	9554125	1.35078	18	7
HG00142	HG00159	9065739	9554125	1.22608	15	7
HG00366	HG00097	9011998	9554125	1.35078	18	5
HG04229	NA21091	9096762	9554125	1.21988	14	6
HG01801	HG01323	9065739	9576643	1.23366	16	7
HG01500	HG01323	9056157	9576643	1.23469	17	6
HG03672	HG03902	9056157	9576643	1.23469	17	5
NA21120	NA06994	9126762	9576643	1.22485	14	5
HG01783	HG01500	9065739	9576643	1.23366	16	5
HG01089	NA12144	9065739	9576643	1.23366	16	7
HG03750	HG01624	9096762	9576643	1.22746	15	5
HG01354	HG03862	9056157	9576643	1.23469	17	7
HG01133	HG01624	9056157	9576643	1.23469	17	7
HG03018	HG01054	9011998	9576643	1.35835	19	9
HG00330	HG03672	9030640	9576643	1.35414	18	6
HG01308	HG01632	9277333	9592703	1.0109	12	5
HG01479	HG01323	9277333	9592703	1.0109	12	5
NA20870	HG03884	9220384	9592703	1.01638	13	5
HG01705	HG03914	9056157	9592703	1.27896	18	8
HG03660	NA20504	9220384	9592703	1.01638	13	5
HG02356	HG04141	9220384	9592703	1.01638	13	5
NA21088	HG04211	9220384	9592703	1.01638	13	5
HG00365	NA18959	9220384	9592703	1.01638	13	6
HG03949	HG01672	9165265	9592703	1.03774	14	6
NA20866	HG01672	9165265	9592703	1.03774	14	5
NA20866	HG03861	9165265	9592703	1.03774	14	7
HG00632	HG02156	9277333	9592703	1.0109	12	4
NA12814	NA06989	9277333	9592703	1.0109	12	5
NA12830	HG01402	9096762	9592703	1.27173	16	7
HG01939	HG01402	9277333	9592703	1.0109	12	7
HG01512	HG01673	9277333	9592703	1.0109	12	4
HG00338	HG02774	9165265	9592703	1.03774	14	8
HG02356	HG01939	9220384	9592703	1.01638	13	7
NA20796	HG00125	9220384	9592703	1.01638	13	3
HG00181	NA18942	9165265	9592703	1.03774	14	8
NA20870	NA20796	9220384	9592703	1.01638	13	3
NA20870	HG00174	9220384	9592703	1.01638	13	4
HG01512	HG01510	9220384	9592703	1.01638	13	7
NA06989	NA12414	9277333	9592703	1.0109	12	4
HG01089	HG04229	9165265	9592703	1.03774	14	5
HG00126	NA11995	9165265	9592703	1.03774	14	6
HG01089	HG03690	9165265	9592703	1.03774	14	6
NA18968	NA18986	9165265	9592703	1.03774	14	5
NA18627	NA18988	9277333	9592703	1.0109	12	7
HG01351	HG02156	9220384	9592703	1.01638	13	6
HG01695	NA12890	9096762	9592703	1.27173	16	7
HG03914	NA20539	9165265	9592703	1.03774	14	7
HG01402	HG04141	9165265	9592703	1.03774	14	6
HG01801	HG00131	9065739	9592703	1.27792	17	8
HG00125	HG00173	9165265	9592703	1.03774	14	8
HG04229	HG03690	9165265	9592703	1.03774	14	8
NA20870	HG04090	9165265	9592703	1.03774	14	5
NA20810	HG01197	9165265	9592703	1.03774	14	6
NA12830	HG04020	9220384	9592703	1.01638	13	5
HG01089	HG03755	9277333	9592703	1.0109	12	3
HG03702	HG01066	9277333	9592703	1.0109	12	6
NA20870	NA19717	9220384	9592703	1.01638	13	7
NA19747	NA18942	9220384	9592703	1.01638	13	5
HG00174	NA18942	9165265	9592703	1.03774	14	6
HG00266	HG00371	9220384	9592703	1.01638	13	5
HG03755	NA12716	9011998	9592703	1.40262	20	11
NA20771	HG01980	9165265	9592703	1.03774	14	5
HG01672	HG01991	9277333	9592703	1.0109	12	5
HG01672	NA12716	9056157	9592703	1.27896	18	8
NA19723	HG03870	9165265	9592703	1.03774	14	7
NA12144	HG01133	9165265	9592703	1.03774	14	5
NA19087	NA18986	9165265	9592703	1.03774	14	5
HG01500	NA11995	9220384	9592703	1.01638	13	4
NA12830	HG03861	9220384	9592703	1.01638	13	7
HG01354	NA19717	9277333	9592703	1.0109	12	6
HG01705	HG01197	9220384	9592703	1.01638	13	6
NA18959	HG01632	9165265	9592703	1.03774	14	7
HG03016	HG03018	9220384	9592703	1.01638	13	4
HG00366	NA12890	9277333	9592703	1.0109	12	4
HG01673	HG01632	9011998	9592703	1.40262	20	9
HG00366	NA20910	9165265	9592703	1.03774	14	6
HG01133	HG01632	9165265	9592703	1.03774	14	6
HG04076	HG00097	9277333	9592703	1.0109	12	3
HG00122	HG01705	9277333	9592703	1.0109	12	5
HG01705	HG00315	9126762	9592703	1.26911	15	5
HG03672	NA19679	9220384	9592703	1.01638	13	6
HG00174	HG00125	9165265	9592703	1.03774	14	5
HG00115	HG01565	9220384	9592703	1.01638	13	4
HG04020	HG01402	9220384	9592703	1.01638	13	5
NA19732	NA20531	9096762	9592703	1.27173	16	9
HG01859	NA19074	9165265	9592703	1.03774	14	6
HG01695	HG04183	9165265	9592703	1.03774	14	6
HG02224	HG03890	9220384	9622598	1.03732	14	4
NA20866	HG00339	9165265	9622598	1.05868	15	7
NA20870	NA18942	9220384	9622598	1.03732	14	5
NA19725	HG02379	9220384	9622598	1.03732	14	6
NA20542	HG01500	9220384	9622598	1.03732	14	4
HG00368	HG00158	9165265	9622598	1.05868	15	5
HG01605	NA20504	9220384	9622598	1.03732	14	7
HG03914	HG01632	9126762	9622598	1.29006	16	8
HG03589	NA20877	9165265	9622598	1.05868	15	7
HG04229	HG01197	9165265	9622598	1.05868	15	7
HG00137	HG02087	9220384	9622598	1.03732	14	5
HG01672	HG03884	9056157	9622598	1.2999	19	8
HG01781	NA07357	9277333	9622598	1.03184	13	5
HG03914	HG00177	9277333	9622598	1.03184	13	4
HG03007	HG03866	9220384	9622598	1.03732	14	5
NA21086	NA19087	9220384	9643536	1.04411	15	7
NA18629	NA19747	9220384	9643536	1.04411	15	7
HG02185	NA19074	9165265	9643536	1.06547	16	6
HG00368	HG00132	9220384	9643536	1.04411	15	6
HG01518	NA20810	9056157	9643536	1.30669	20	8
NA19725	HG03977	9220384	9643536	1.04411	15	7
NA19717	NA11918	9220384	9643536	1.04411	15	5
HG02512	HG01859	9165265	9643536	1.06547	16	6
HG03234	NA20821	9165265	9643536	1.06547	16	7
HG00171	HG00383	9220384	9643536	1.04411	15	7
HG02050	HG00428	9220384	9643536	1.04411	15	7
HG03604	HG02688	9165265	9643536	1.06547	16	6
HG03884	HG01632	9220384	9643536	1.04411	15	7
HG01850	HG00653	9220384	9643536	1.04411	15	7
NA20870	NA11995	9220384	9643536	1.04411	15	6
NA19087	NA18968	9165265	9643536	1.06547	16	5
HG00132	HG01378	9220384	9643536	1.04411	15	5
HG01673	HG03963	9220384	9643536	1.04411	15	6
HG01859	HG02185	9165265	9643536	1.06547	16	4
HG03947	HG03750	9220384	9643536	1.04411	15	6
NA20874	HG04020	9220384	9643536	1.04411	15	6
HG00274	HG00358	9126762	9643536	1.29685	17	7
HG01308	HG00125	9277333	9643536	1.03863	14	5
HG01173	HG01054	9056157	9643536	1.30669	20	11
NA19085	NA21142	9220384	9643536	1.04411	15	4
HG00181	HG00174	9165265	9643536	1.06547	16	6
HG00346	HG01402	9277333	9643536	1.03863	14	8
HG02512	HG00653	9165265	9643536	1.06547	16	8
HG03868	HG02185	9220384	9643536	1.04411	15	6
NA19074	HG01500	9165265	9643536	1.06547	16	7
HG01859	NA20874	9220384	9643536	1.04411	15	5
HG01565	HG00173	9165265	9643536	1.06547	16	7
HG00151	HG01054	9220384	9643536	1.04411	15	6
HG00281	NA12748	9165265	9643536	1.06547	16	6
HG00265	HG00097	9220384	9643536	1.04411	15	7
HG01354	NA12814	9011998	9643536	1.43035	22	11
HG03907	NA11918	9277333	9643536	1.03863	14	6
HG01054	HG01624	9220384	9643536	1.04411	15	7
HG00181	HG02185	9165265	9643536	1.06547	16	6
HG01565	HG01479	9277333	9643536	1.03863	14	6
NA12748	NA20910	9165265	9643536	1.06547	16	5
NA20874	NA21120	9220384	9643536	1.04411	15	4
HG00125	HG01060	9277333	9643536	1.03863	14	4
HG01308	HG01133	9277333	9656124	1.04813	15	7
NA20796	HG00174	9220384	9656124	1.05361	16	5
HG01861	NA19004	9220384	9656124	1.05361	16	6
HG00339	NA20796	9220384	9656124	1.05361	16	7
HG01105	HG01197	9165265	9656124	1.07497	17	6
HG03949	NA20539	9165265	9656124	1.07497	17	6
HG02185	HG00174	9165265	9656124	1.07497	17	3
NA19658	HG04076	9056157	9656124	1.31619	21	10
HG02597	HG00315	9220384	9656124	1.05361	16	8
NA18629	NA18971	9220384	9656124	1.05361	16	8
HG04017	HG03907	9220384	9656124	1.05361	16	9
NA21133	HG00358	9220384	9656124	1.05361	16	8
NA12748	NA21120	9220384	9656124	1.05361	16	4
HG02156	HG00125	9165265	9656124	1.07497	17	6
HG01704	NA12340	9165265	9656124	1.07497	17	6
NA20775	HG03854	9220384	9656124	1.05361	16	7
NA20539	HG03692	9220384	9656124	1.05361	16	6
NA21120	NA20796	9220384	9656124	1.05361	16	7
NA20874	NA20796	9220384	9656124	1.05361	16	4
HG01491	HG00366	9165265	9656124	1.07497	17	6
HG00181	HG01073	9220384	9656124	1.05361	16	6
NA20869	HG00366	9220384	9656124	1.05361	16	7
HG01133	HG00125	9277333	9656124	1.04813	15	6
HG02224	NA21142	9220384	9672987	1.06046	17	8
HG00338	HG02224	9165265	9672987	1.08182	18	8
NA12144	HG03690	9165265	9672987	1.08182	18	9
HG03914	NA11995	9220384	9672987	1.06046	17	8
NA12748	HG00125	9220384	9693795	1.0621	18	8
HG01673	HG00365	9165265	9693795	1.08346	19	8
HG00338	NA21142	9065739	9693795	1.32365	22	9
HG00160	NA18942	9165265	9693795	1.08346	19	10
HG01173	HG00383	9220384	9693795	1.0621	18	7
HG01859	NA21120	9220384	9693795	1.0621	18	8
NA19085	HG02224	9220384	9693795	1.0621	18	8
HG00281	NA21120	9165265	9693795	1.08346	19	9
HG00158	HG01054	9277333	9693795	1.05662	17	6
HG04211	HG04211	9277333	9735106	1.3002	19	10
HG01105	NA20539	9345623	9781685	1.00835	20	10
NA20773	HG01060	9873923	10122380	1.00434	13	5
NA18965	HG00593	9873923	10122380	1.00434	13	7
NA20877	NA21122	10997334	11254417	1.15321	12	5
NA19776	HG02089	11005238	11254417	1.14116	11	5
HG02660	NA19792	10997334	11254417	1.15321	12	6
HG03653	HG00315	10997334	11270892	1.20894	13	6
NA19091	NA18943	11005238	11296829	1.19975	13	7
HG00717	HG02373	10923803	11296829	1.24393	19	9
NA19782	HG02265	11005238	11296829	1.19975	13	7
NA20513	HG01779	10955036	11340826	1.23439	20	12
HG02660	HG03782	10997334	11340826	1.21402	17	10
NA20874	HG01781	11005238	11462301	1.2278	23	9
NA19087	HG00595	11039845	11541603	1.06355	25	13
HG01488	HG02299	12457203	12849943	1.05036	23	6
HG02277	NA19762	12457203	12849943	1.05036	23	11
HG01488	NA19731	12457203	12905188	1.14584	25	11
HG03844	HG03991	12531343	12905188	1.03834	20	11
NA19731	HG02299	12457203	12926358	1.15396	26	8
NA20818	HG00235	12612330	13022792	1.08484	23	10
HG04211	NA12283	13059954	13292369	1.03232	11	6
HG02697	HG03884	13001117	13292369	1.05273	16	5
NA20503	HG01618	13059954	13312856	1.0435	12	5
HG01625	NA12748	13059954	13312856	1.0435	12	7
NA12005	HG03755	13059954	13376265	1.07642	15	8
HG01308	HG00142	13001117	13436748	1.10207	22	9
NA06994	NA07357	13023174	13436748	1.09506	20	9
HG01923	HG02265	15040047	15490760	1.17297	24	12
NA18621	HG02040	15118761	15509110	1.00425	20	8
HG00683	NA18582	15090732	15532304	1.01721	23	13
HG00463	NA18959	15118761	15532304	1.00913	21	8
HG00701	NA18535	15090732	15532304	1.01721	23	13
HG02040	HG02364	15102827	15532304	1.0152	22	9
HG01089	HG00366	15174441	15573715	1.43367	19	8
NA18545	HG01595	15174441	15592862	1.45786	20	9
NA18986	HG02304	15325749	15592862	1.20811	13	7
HG00122	HG00109	15361440	15611956	1.19315	12	5
HG01842	NA18528	15509729	15679783	1.03058	10	5
HG01790	HG00122	15491515	15679783	1.06368	11	5
NA20866	HG03884	15509729	15679783	1.03058	10	4
HG01768	HG01684	15390182	15679783	1.26956	16	9
HG01768	HG03018	15532320	15679783	1.02581	9	4
HG00366	NA20786	15447711	15679783	1.09212	13	6
NA06984	NA18625	15509729	15679783	1.03058	10	5
HG00864	NA12156	15509729	15679783	1.03058	10	5
HG00137	HG01705	15532320	15679783	1.02581	9	5
HG01595	HG01080	15509729	15679783	1.03058	10	6
NA21087	NA20775	15509729	15679783	1.03058	10	5
HG01684	NA20502	15509729	15679783	1.03058	10	4
HG01625	HG01768	15532320	15679783	1.02581	9	4
NA18961	NA18638	15532320	15679783	1.02581	9	4
NA18944	HG02089	15509729	15679783	1.03058	10	5
NA12414	NA19734	15509729	15679783	1.03058	10	5
NA21091	HG02425	15509729	15679783	1.03058	10	4
HG02017	NA18986	15390182	15679783	1.26956	16	8
NA20870	NA19657	15509729	15679783	1.03058	10	5
NA20910	NA20810	15509729	15679783	1.03058	10	6
NA20513	HG00250	15532320	15679783	1.02581	9	5
HG01625	HG03782	15267542	15679783	1.67009	22	10
HG01625	HG00250	15509729	15679783	1.03058	10	4
HG00111	NA20539	15390182	15679783	1.26956	16	8
HG01789	HG00366	15532320	15679783	1.02581	9	4
HG01768	HG01414	15532320	15679783	1.02581	9	5
HG03018	HG01414	15509729	15679783	1.03058	10	4
NA19056	NA18638	15471279	15679783	1.08009	12	6
HG00867	NA19003	15509729	15679783	1.03058	10	6
NA19734	NA20810	15509729	15679783	1.03058	10	5
HG00142	HG01456	15509729	15679783	1.03058	10	5
NA20818	NA20502	15491515	15679783	1.06368	11	5
NA12873	HG00250	15509729	15679783	1.03058	10	6
HG02774	HG01323	15447711	15679783	1.09212	13	6
HG03896	HG03692	15390182	15679783	1.26956	16	7
NA20769	NA20808	15532320	15679783	1.02581	9	5
NA18961	NA19732	15471279	15679783	1.08009	12	7
HG02386	HG01939	15491515	15679783	1.06368	11	6
NA12156	HG03780	15509729	15679783	1.03058	10	5
HG01625	NA19734	15509729	15679783	1.03058	10	6
HG01625	NA19679	15509729	15679783	1.03058	10	5
HG01625	NA12873	15390182	15679783	1.26956	16	9
HG00351	HG04186	15509729	15679783	1.03058	10	5
HG01850	HG00864	15390182	15699166	1.43956	17	8
HG02573	NA20539	15532320	15699166	1.19581	10	5
HG01761	NA20528	15390182	15699166	1.43956	17	9
HG00238	NA18638	15532320	15699166	1.19581	10	5
HG01625	HG01684	15509729	15699166	1.20058	11	5
HG00109	HG03782	15509729	15699166	1.20058	11	5
HG00457	HG02397	15509729	15714082	1.22439	12	5
HG01089	HG01133	15532320	15714082	1.21962	11	5
HG01625	HG01133	15471279	15730439	1.40849	15	8
HG01625	NA20539	15471279	15938985	1.65125	26	9
NA21087	HG00272	15627629	15976003	1.12778	20	9
HG04033	HG03902	15627629	15993822	1.14217	21	12
HG00233	HG01049	15641492	15993822	1.12778	20	8
HG00132	HG00272	16115180	16750310	1.19099	36	11
HG00238	HG00242	16197510	16837752	1.12702	37	13
HG02733	HG01603	16628791	16920560	1.00694	19	7
NA18999	NA18995	16628791	16945780	1.01753	20	6
HG02275	HG02147	18609769	19174927	1.00494	25	13
NA12004	HG00256	19731170	19967216	1.00242	14	7
HG01699	HG00362	19816787	19989680	1.05617	10	4
HG02374	HG03908	22394669	23101131	1.01013	30	16
HG03792	HG03830	22483911	23382856	1.1298	40	18
NA18617	HG04134	41236860	41646561	1.00962	17	7
NA12005	NA18964	41136767	41646561	1.14801	22	12
NA19087	HG02186	41228402	41646561	1.01312	18	7
HG02067	HG03830	41250885	41646561	1.0063	16	8
HG01073	HG01168	41206477	41646561	1.04478	19	6
NA18939	HG01348	41228402	41646561	1.01312	18	10
NA19089	HG00689	41228402	41646561	1.01312	18	6
HG00717	NA19089	41228402	41646561	1.01312	18	7
NA19089	NA18550	41206477	41646561	1.04478	19	8
HG03625	HG00158	41250885	41646561	1.0063	16	8
HG02128	HG01705	41236860	41646561	1.00962	17	7
HG00096	HG00553	41236860	41646561	1.00962	17	6
NA19755	HG02029	41250885	41646561	1.0063	16	9
HG03711	NA19723	41228402	41669268	1.05828	19	10
HG02224	HG00115	41228402	41685772	1.06489	20	8
NA19752	NA19771	41250885	41685772	1.05807	18	8
HG02128	NA20861	41236860	41685772	1.06139	19	8
NA18526	NA19089	41228402	41711958	1.08646	21	10
NA18961	NA18999	41321344	41905362	1.37732	22	10
HG00346	NA12748	41413840	41997901	1.00391	21	12
NA12340	HG00742	49723614	50134363	1.07942	18	11
NA20775	HG03934	49865460	50201144	1.13715	14	8
NA12413	HG01066	49865460	50201144	1.13715	14	7
HG02696	HG04194	49865460	50201144	1.13715	14	8
HG00242	NA20812	49886214	50201144	1.08711	13	7
HG00131	NA11931	49886214	50201144	1.08711	13	7
HG00190	HG01710	49886214	50201144	1.08711	13	8
HG03934	HG01121	49886214	50201144	1.08711	13	8
HG01124	HG00278	49886214	50201144	1.08711	13	8
NA20586	HG01679	49807495	50201144	1.1925	16	10
HG01697	HG00339	49932584	50201144	1.04464	12	7
HG01398	HG01250	49886214	50201144	1.08711	13	8
HG02685	NA18988	49886214	50201144	1.08711	13	8
HG00159	HG01060	52849761	53444714	1.03925	28	13
HG00159	HG01786	53117912	53650148	1.06952	28	12
NA18961	NA18539	53343306	53912179	1.02148	33	14
NA21133	NA20853	53327760	53912179	1.07094	34	17
HG00351	HG00131	53359398	53912179	1.01772	32	14
HG00437	NA18959	53313587	53912179	1.0836	35	17
HG02047	HG00675	53359398	53962124	1.02039	33	17
HG02150	NA19732	53343306	53962124	1.02415	34	10
HG00376	HG02233	53499955	54108773	1.02991	30	13
HG00122	NA12890	53499955	54125553	1.0464	31	14
HG00278	HG01182	53651517	54143833	1.00044	25	9
HG00101	HG00323	53624650	54156040	1.01521	27	11
HG01707	HG04014	54815040	55179461	1.01082	17	8
HG01939	HG02398	55335907	55468411	1.10742	9	4
HG01842	HG02028	55317181	55468411	1.14037	10	6
HG02070	NA18645	56005520	56222200	1.07566	12	5
NA19716	HG02146	56025915	56222200	1.04445	11	4
NA19716	NA19003	55864434	56222200	1.15496	16	7
NA19786	HG02089	56005520	56222200	1.07566	12	4
HG01939	HG01565	56025915	56222200	1.04445	11	6
HG01939	NA19747	56005520	56222200	1.07566	12	6
NA18965	HG02397	56025915	56238534	1.08393	12	4
HG03922	HG00632	56054383	56238534	1.00108	10	3
HG04020	HG03902	56054383	56238534	1.00108	10	4
HG03787	HG01435	56054383	56238534	1.00108	10	4
NA18748	HG02153	56150204	56258610	1.02981	6	3
HG02445	HG03268	56131697	56258610	1.06033	7	3
HG03660	HG01512	56131697	56258610	1.06033	7	3
NA19323	NA19036	56150204	56258610	1.02981	6	2
HG00171	HG00177	56150204	56258610	1.02981	6	2
HG01173	NA20512	56117891	56258610	1.0653	8	4
NA19776	HG00373	56150204	56258610	1.02981	6	3
NA18629	NA21137	56131697	56258610	1.06033	7	1
HG02684	HG00373	56150204	56258610	1.02981	6	3
HG02179	HG00693	56131697	56258610	1.06033	7	3
HG00620	HG01066	56131697	56258610	1.06033	7	3
HG02597	NA20581	56131697	56258610	1.06033	7	4
HG01168	HG00373	56150204	56258610	1.02981	6	2
HG01049	NA20856	56150204	56258610	1.02981	6	3
HG03711	HG04038	56117891	56258610	1.0653	8	2
NA19372	NA19019	56099305	56258610	1.09155	9	5
HG00171	HG01168	56150204	56258610	1.02981	6	1
HG03949	HG01089	56150204	56258610	1.02981	6	3
NA20796	NA20882	56150204	56258610	1.02981	6	3
HG01259	NA12748	56054383	56258610	1.16656	11	4
HG00452	HG02477	56131697	56258610	1.06033	7	4
NA18526	HG02398	56117891	56258610	1.0653	8	3
NA18878	HG02505	56117891	56258610	1.0653	8	3
NA19372	NA19314	56150204	56258610	1.02981	6	3
NA20761	NA21122	56131697	56258610	1.06033	7	4
HG02146	HG01250	56117891	56258610	1.0653	8	4
HG02089	NA19747	56070000	56258610	1.12664	10	3
HG04080	HG00261	56131697	56258610	1.06033	7	4
NA19761	NA19669	56117891	56258610	1.0653	8	3
NA06994	HG00373	56150204	56258610	1.02981	6	3
NA20899	HG00177	56131697	56258610	1.06033	7	3
NA19006	HG00632	56131697	56258610	1.06033	7	3
HG00879	NA19075	56117891	56258610	1.0653	8	2
NA19372	NA19113	56117891	56258610	1.0653	8	3
HG02089	NA19759	56131697	56258610	1.06033	7	3
NA21133	HG03711	56054383	56258610	1.16656	11	6
HG03951	NA19731	56131697	56258610	1.06033	7	4
HG01923	HG02089	56099305	56258610	1.09155	9	2
NA19773	NA11829	56099305	56258610	1.09155	9	3
HG00239	HG01121	56131697	56258610	1.06033	7	4
HG01173	HG01197	56131697	56258610	1.06033	7	2
HG01173	HG00373	56150204	56258610	1.02981	6	3
NA20856	HG00176	56150204	56258610	1.02981	6	3
HG00126	HG00111	56117891	56258610	1.0653	8	4
HG04210	HG04227	56150204	56258610	1.02981	6	3
HG00311	HG01098	56150204	56258610	1.02981	6	3
HG00311	NA19761	56150204	56258610	1.02981	6	3
NA19776	NA06994	56150204	56258610	1.02981	6	3
NA19776	HG00311	56150204	56258610	1.02981	6	3
NA18961	NA18550	56131697	56258610	1.06033	7	3
HG00171	HG00365	56150204	56258610	1.02981	6	3
HG02348	NA19734	56150204	56258610	1.02981	6	2
HG00407	HG02070	56054383	56258610	1.16656	11	3
NA20899	HG00373	56150204	56258610	1.02981	6	3
HG00118	NA20527	56131697	56258610	1.06033	7	2
HG00118	HG01761	56131697	56258610	1.06033	7	3
NA19091	NA18959	56070000	56258610	1.12664	10	5
NA18749	NA18531	56117891	56258610	1.0653	8	4
NA19776	HG01098	56150204	56258610	1.02981	6	2
NA19776	NA19782	56131697	56258610	1.06033	7	3
HG01923	NA19747	56131697	56258610	1.06033	7	3
NA19782	HG01098	56150204	56258610	1.02981	6	3
NA19782	HG00311	56117891	56258610	1.0653	8	3
HG02684	NA19776	56131697	56258610	1.06033	7	2
HG02687	HG03968	56131697	56258610	1.06033	7	4
NA18998	HG00879	56131697	56258610	1.06033	7	2
HG01052	HG00174	56070000	56258610	1.12664	10	5
HG01455	NA18620	56150204	56258610	1.02981	6	3
HG00311	NA19669	56150204	56258610	1.02981	6	2
HG04033	NA20899	56070000	56258610	1.12664	10	4
HG00611	NA19078	56131697	56258610	1.06033	7	3
HG00171	NA20899	56150204	56258610	1.02981	6	2
HG01536	NA12004	56117891	56258610	1.0653	8	2
NA21087	HG03773	56131697	56258610	1.06033	7	3
HG00632	NA18971	56131697	56258610	1.06033	7	3
HG00698	HG01599	56117891	56258610	1.0653	8	4
HG01351	NA20861	56150204	56258610	1.02981	6	3
HG02684	NA06994	56150204	56258610	1.02981	6	3
NA18979	NA18980	56117891	56258610	1.0653	8	2
NA19734	NA18620	56131697	56258610	1.06033	7	1
HG00158	HG01551	56131697	56258610	1.06033	7	2
HG03787	HG00701	56150204	56258610	1.02981	6	3
HG04033	HG01168	56117891	56258610	1.0653	8	3
HG02624	HG02805	56131697	56258610	1.06033	7	2
HG00171	HG04107	56117891	56258610	1.0653	8	4
HG00611	HG01868	56117891	56258610	1.0653	8	3
NA20899	HG01168	56043372	56258610	1.19611	12	5
HG01606	NA19782	56150204	56258610	1.02981	6	2
NA19759	NA19726	56117891	56258610	1.0653	8	4
NA20512	HG00373	56150204	56258610	1.02981	6	3
NA19428	NA19190	56150204	56258610	1.02981	6	3
HG00689	NA19717	56150204	56258610	1.02981	6	3
NA19058	HG02385	56117891	56258610	1.0653	8	4
NA20512	HG01168	56131697	56258610	1.06033	7	3
HG00590	HG01597	56117891	56289194	1.15136	9	5
HG00186	HG00358	56117891	56289194	1.15136	9	2
NA19385	NA19041	56150204	56289194	1.11587	7	4
HG00265	HG00349	56117891	56289194	1.15136	9	5
HG01610	HG00349	56150204	56289194	1.11587	7	3
HG02128	HG03007	56150204	56289194	1.11587	7	4
HG00171	HG00373	56150204	56289194	1.11587	7	2
HG01398	HG03977	56131697	56289194	1.14639	8	4
NA12144	NA19783	56131697	56289194	1.14639	8	4
NA19776	HG01284	56117891	56289194	1.15136	9	5
NA18629	NA18944	56117891	56289194	1.15136	9	3
HG02597	HG02651	56117891	56289194	1.15136	9	5
HG00436	HG02153	56150204	56289194	1.11587	7	4
NA21086	HG03660	56117891	56289194	1.15136	9	4
HG00436	HG01872	56099305	56289194	1.17761	10	6
NA20773	HG01625	56150204	56289194	1.11587	7	4
NA12144	HG01351	56150204	56289194	1.11587	7	4
HG02089	NA19059	56131697	56289194	1.14639	8	4
HG00620	HG03861	56131697	56289194	1.14639	8	4
NA18629	HG00879	56070000	56289194	1.2127	11	5
HG02684	HG01625	56150204	56289194	1.11587	7	4
HG02224	NA06989	56150204	56289194	1.11587	7	3
HG02236	HG01623	56131697	56289194	1.14639	8	4
HG01610	HG00151	56131697	56289194	1.14639	8	4
HG02089	HG00654	56150204	56289194	1.11587	7	3
HG01605	HG01168	56131697	56289194	1.14639	8	4
HG01868	HG02136	56150204	56289194	1.11587	7	4
NA20812	HG01914	56131697	56289194	1.14639	8	4
HG00323	HG00272	56099305	56289194	1.17761	10	4
HG00190	HG03922	56150204	56289194	1.11587	7	4
HG01259	HG02150	56150204	56289194	1.11587	7	2
NA18526	NA19078	56117891	56289194	1.15136	9	4
HG01089	HG00250	56150204	56289194	1.11587	7	4
HG02017	NA19091	56117891	56289194	1.15136	9	5
NA12144	NA11918	56150204	56289194	1.11587	7	4
NA19776	NA19726	56131697	56289194	1.14639	8	4
HG01811	NA18971	56150204	56289194	1.11587	7	4
HG00365	HG02687	56131697	56289194	1.14639	8	4
NA06984	HG01437	56117891	56289194	1.15136	9	4
HG04107	HG04038	56099305	56289194	1.17761	10	5
HG03773	HG00383	56150204	56289194	1.11587	7	4
HG01259	HG01284	56099305	56289194	1.17761	10	2
HG01067	HG00366	56150204	56289194	1.11587	7	4
HG01872	HG02153	56131697	56289194	1.14639	8	4
HG01455	HG02017	56150204	56289194	1.11587	7	4
HG00651	HG02089	56070000	56289194	1.2127	11	4
NA19786	HG01565	56117891	56289194	1.15136	9	5
HG01806	HG02375	56150204	56289194	1.11587	7	4
NA19752	NA19747	56150204	56289194	1.11587	7	4
HG00311	HG03977	56117891	56289194	1.15136	9	3
NA20869	HG02128	56117891	56289194	1.15136	9	4
NA19716	HG01250	56150204	56289194	1.11587	7	4
HG00407	HG03686	56131697	56289194	1.14639	8	4
HG01455	HG00559	56150204	56289194	1.11587	7	4
HG01704	HG00096	56099305	56289194	1.17761	10	4
NA20773	NA06989	56131697	56289194	1.14639	8	3
HG00330	NA12144	56117891	56289194	1.15136	9	4
HG00330	HG01098	56150204	56289194	1.11587	7	4
NA19058	NA19060	56117891	56289194	1.15136	9	3
HG00311	HG01398	56150204	56289194	1.11587	7	4
HG03711	HG04107	56150204	56309612	1.35233	8	4
HG00376	NA20812	56131697	56309612	1.38285	9	2
HG00171	HG01173	56150204	56309612	1.35233	8	4
NA19776	NA18620	56131697	56331717	1.42915	10	5
HG02236	NA19741	56183890	56331717	1.00225	7	2
HG02185	HG01860	56183890	56331717	1.00225	7	3
NA19019	NA19314	56131697	56331717	1.42915	10	4
HG02150	NA19741	56150204	56331717	1.39863	9	5
HG00174	HG00321	56183890	56331717	1.00225	7	2
HG02348	NA18620	56150204	56331717	1.39863	9	4
NA19776	NA19759	56183890	56331717	1.00225	7	3
HG02278	HG01991	56183890	56331717	1.00225	7	1
HG01173	HG01168	56150204	56331717	1.39863	9	5
NA19716	NA19776	56183890	56331717	1.00225	7	3
NA19455	NA19468	56117891	56331717	1.43412	11	4
HG00457	HG02385	56183890	56331717	1.00225	7	3
NA12144	HG01098	56150204	56356031	1.40684	10	6
HG02090	HG00250	56150204	56356031	1.40684	10	5
HG02554	HG03875	56150204	56356031	1.40684	10	5
HG01699	HG00331	56211702	56399970	1.04187	9	4
HG00266	HG03773	56211702	56399970	1.04187	9	2
NA06984	HG00331	56131697	56399970	1.68049	13	5
HG00632	NA18565	56183890	56399970	1.25358	10	4
NA20796	HG03611	56211702	56399970	1.04187	9	4
HG02070	HG02113	56211702	56399970	1.04187	9	4
NA12546	NA19771	56211702	56399970	1.04187	9	5
NA20899	HG02398	56211702	56399970	1.04187	9	5
HG00879	NA19055	56211702	56399970	1.04187	9	5
HG00638	NA19678	56211702	56399970	1.04187	9	5
NA19091	HG02070	56211702	56399970	1.04187	9	5
NA19752	HG01284	56211702	56399970	1.04187	9	3
HG01806	HG02040	56211702	56399970	1.04187	9	5
HG01455	NA19761	56150204	56399970	1.64996	12	7
HG00096	HG00331	56183890	56399970	1.25358	10	4
HG02367	NA18969	56211702	56412867	1.05014	10	5
NA12814	HG00311	56211702	56412867	1.05014	10	3
HG00266	HG00171	56211702	56425652	1.05516	11	2
HG03796	NA12716	56211702	56425652	1.05516	11	6
HG03015	NA19726	56211702	56425652	1.05516	11	6
HG00265	HG01781	56211702	56425652	1.05516	11	6
NA12716	NA20786	56211702	56425652	1.05516	11	6
HG00330	HG01168	56211702	56425652	1.05516	11	6
NA12748	NA20828	56211702	56425652	1.05516	11	6
HG00365	NA11829	56211702	56425652	1.05516	11	6
HG00357	HG00349	56211702	56425652	1.05516	11	5
HG01049	NA20796	56211702	56425652	1.05516	11	5
HG00593	HG02398	56211702	56425652	1.05516	11	3
HG02186	HG02164	56211702	56425652	1.05516	11	6
NA12144	HG01672	56211702	56425652	1.05516	11	5
NA12144	HG00349	56211702	56425652	1.05516	11	5
HG02348	NA19055	56211702	56425652	1.05516	11	4
HG02597	HG00272	56117891	56425652	1.69874	16	8
HG03805	HG00272	56211702	56425652	1.05516	11	5
HG00171	NA20512	56150204	56425652	1.66325	14	8
NA19058	NA19059	56211702	56425652	1.05516	11	5
NA19734	NA19747	56150204	56425652	1.66325	14	7
NA18526	HG04080	56211702	56425652	1.05516	11	6
NA20355	HG03484	56211702	56439657	1.05904	12	6
NA18757	NA18638	56211702	56439657	1.05904	12	6
NA18946	HG02070	56211702	56439657	1.05904	12	6
NA19776	HG03684	56211702	56439657	1.05904	12	7
HG01710	HG01251	56211702	56439657	1.05904	12	6
NA11840	NA20797	56211702	56439657	1.05904	12	6
NA12144	HG00553	56211702	56439657	1.05904	12	4
HG03796	NA20786	56211702	56439657	1.05904	12	6
HG01251	HG01624	56211702	56439657	1.05904	12	4
HG02017	NA18582	56211702	56439657	1.05904	12	6
NA18609	HG02070	56211702	56439657	1.05904	12	6
NA20808	NA19723	56211702	56439657	1.05904	12	3
NA18648	HG00701	56238576	56460438	1.22728	11	5
NA21101	NA20887	56258905	56460438	1.03945	10	5
NA19720	NA19741	56258905	56460438	1.03945	10	3
HG01140	HG01710	56258905	56460438	1.03945	10	3
HG03717	HG03991	56258905	56460438	1.03945	10	3
NA20869	NA21104	56222225	56469805	1.2745	13	5
HG02141	HG02136	56238576	56469805	1.23497	12	6
NA19770	HG00242	56258905	56469805	1.04714	11	6
HG00125	NA20539	56238576	56469805	1.23497	12	5
HG02150	NA18638	56238576	56469805	1.23497	12	7
HG00275	HG00261	56222225	56469805	1.2745	13	5
HG01625	NA19669	56289250	56487402	1.019	11	5
HG02943	HG03190	56258905	56487402	1.08278	12	5
NA12874	HG01781	56258905	56487402	1.08278	12	6
NA19074	HG01860	56258905	56487402	1.08278	12	6
NA20530	HG01781	56258905	56487402	1.08278	12	4
NA12546	HG01162	56238576	56487402	1.27061	13	4
HG00266	HG00372	56222225	56487402	1.31014	14	4
HG00663	HG02379	56258905	56487402	1.08278	12	5
HG01140	NA11829	56258905	56487402	1.08278	12	6
HG00590	NA19089	56222225	56487402	1.31014	14	6
NA06984	HG00096	56222225	56487402	1.31014	14	6
HG02348	HG01980	56258905	56487402	1.08278	12	7
NA21094	NA18627	56211702	56487402	1.52689	15	8
NA21094	HG02774	56211702	56487402	1.52689	15	7
HG01437	NA20910	56238576	56487402	1.27061	13	7
NA12872	HG04194	56211702	56487402	1.52689	15	6
NA19752	HG01679	56289250	56487402	1.019	11	4
NA18968	HG03616	56258905	56487402	1.08278	12	5
HG00334	HG01133	56289250	56487402	1.019	11	5
NA20876	HG00383	56289250	56487402	1.019	11	3
HG00699	NA18968	56211702	56487402	1.52689	15	8
NA12748	NA20867	56258905	56487402	1.08278	12	7
HG00250	HG01624	56258905	56487402	1.08278	12	4
NA19759	HG02304	56289250	56487402	1.019	11	4
HG01704	HG02090	56258905	56487402	1.08278	12	5
NA12874	HG01162	56238576	56487402	1.27061	13	6
HG02224	HG00267	56258905	56487402	1.08278	12	5
NA20786	HG00372	56211702	56487402	1.52689	15	7
NA19720	HG00173	56258905	56487402	1.08278	12	5
NA20877	NA07048	56258905	56487402	1.08278	12	5
HG02597	HG03611	56258905	56487402	1.08278	12	5
HG00266	HG03611	56183890	56487402	1.7386	16	6
HG01605	NA20527	56289250	56487402	1.019	11	6
HG00266	NA20512	56211702	56487402	1.52689	15	7
HG02147	HG01250	56258905	56487402	1.08278	12	6
NA12004	NA20828	56238576	56487402	1.27061	13	7
HG00328	NA12546	56258905	56487402	1.08278	12	5
NA20512	HG00372	56222225	56487402	1.31014	14	6
HG01565	HG01284	56211702	56487402	1.52689	15	7
HG00315	HG02649	56289250	56487402	1.019	11	4
HG01618	HG00151	56258905	56501296	1.08333	13	4
HG01790	NA20581	56289250	56501296	1.01955	12	5
HG00590	HG02136	56258905	56501296	1.08333	13	6
NA20530	NA12874	56258905	56501296	1.08333	13	6
HG00368	HG01105	56222225	56501296	1.31069	15	7
HG00339	HG02783	56258905	56501296	1.08333	13	6
HG01771	HG00155	56258905	56501296	1.08333	13	5
HG00282	HG01618	56238576	56501296	1.27116	14	4
HG03934	NA20867	56238576	56501296	1.27116	14	7
HG00315	HG01465	56289250	56501296	1.01955	12	6
NA20761	NA19726	56238576	56501296	1.27116	14	7
HG00699	HG03616	56258905	56501296	1.08333	13	6
HG00345	NA12144	56258905	56501296	1.08333	13	5
HG03965	HG01284	56222225	56501296	1.31069	15	8
HG01625	NA12144	56211702	56501296	1.52745	16	7
NA12874	HG00278	56211702	56501296	1.52745	16	8
HG01049	NA11829	56289250	56501296	1.01955	12	4
NA20530	HG01618	56258905	56501296	1.08333	13	5
HG02374	NA18757	56258905	56501296	1.08333	13	6
HG01398	HG00250	56258905	56501296	1.08333	13	4
HG00407	NA19055	56211702	56501296	1.52745	16	8
HG03085	HG03097	56222225	56501296	1.31069	15	7
HG01497	NA20771	56238576	56501296	1.27116	14	7
NA20761	HG01444	56238576	56501296	1.27116	14	7
HG03755	NA07347	56222225	56501296	1.31069	15	6
HG00368	HG00275	56222225	56501296	1.31069	15	6
HG00728	NA19064	56238576	56501296	1.27116	14	7
HG00324	HG00278	56131697	56501296	2.16606	20	9
HG00110	NA20775	56258905	56501296	1.08333	13	4
NA12874	HG01618	56258905	56501296	1.08333	13	3
NA12546	HG00150	56222225	56501296	1.31069	15	7
HG02224	HG01672	56211702	56501296	1.52745	16	8
HG01781	HG01618	56258905	56501296	1.08333	13	5
HG02408	NA18550	56183890	56501296	1.73916	17	7
HG00351	HG00328	56258905	56501296	1.08333	13	4
HG00311	HG00239	56258905	56501296	1.08333	13	5
HG01625	HG01049	56258905	56501296	1.08333	13	5
HG00728	HG01855	56211702	56501296	1.52745	16	9
HG01618	NA07347	56258905	56501296	1.08333	13	4
HG01497	HG00315	56289250	56501296	1.01955	12	5
HG01618	HG00278	56258905	56501296	1.08333	13	5
HG00151	NA07347	56258905	56501296	1.08333	13	5
HG00351	NA12546	56258905	56501296	1.08333	13	6
HG01536	HG02309	56238576	56501296	1.27116	14	7
NA19731	HG01124	56238576	56501296	1.27116	14	7
HG01771	NA12546	56258905	56501296	1.08333	13	5
HG01850	HG00683	56211702	56501296	1.52745	16	8
HG01679	HG01465	56289250	56501296	1.01955	12	6
NA18525	NA18953	56222225	56501296	1.31069	15	7
HG02774	NA18627	56211702	56501296	1.52745	16	9
HG02554	NA20867	56238576	56501296	1.27116	14	7
NA06994	HG01710	56289250	56501296	1.01955	12	6
NA19726	HG01465	56258905	56501296	1.08333	13	4
HG01781	NA20504	56238576	56501296	1.27116	14	6
HG01259	NA19759	56211702	56501296	1.52745	16	6
HG01444	NA19726	56238576	56501296	1.27116	14	5
NA20512	HG00239	56238576	56501296	1.27116	14	6
HG01704	HG00346	56258905	56517213	1.14221	14	6
NA20870	NA21086	56289250	56517213	1.07842	13	6
NA20761	HG01624	56309969	56563174	1.1021	16	6
HG00457	HG02047	56309969	56563174	1.1021	16	8
HG00234	HG02230	56331777	56590665	1.10185	16	8
HG02648	HG01133	56356087	56622643	1.1225	16	8
HG02215	NA18740	56412949	56691649	1.11316	16	8
HG01133	HG01121	56412949	56691649	1.11316	16	6
HG03934	HG03925	56469813	56883837	1.09603	19	11
HG03755	NA19735	56749084	57103103	1.05707	13	6
HG01124	NA19752	56860542	57167268	1.01434	12	7
HG00611	NA18537	56860542	57167268	1.01434	12	6
HG01455	HG01142	57023562	57202515	1.11874	8	4
HG01488	NA18630	57045667	57222534	1.14859	8	4
HG02401	NA18620	57045667	57222534	1.14859	8	4
HG00131	HG00323	57045667	57222534	1.14859	8	4
HG01991	NA19735	56799512	57222534	1.57724	17	9
HG01455	NA19732	56952954	57222534	1.30427	12	5
HG01790	NA19682	57045667	57277450	1.17679	10	5
NA18965	NA19088	56975661	57277450	1.31919	13	7
NA20896	NA12340	56952954	57293305	1.34333	15	8
NA19786	NA19716	57078078	57345641	1.00004	12	7
NA19732	NA18539	57078078	57377139	1.01481	14	8
NA19770	NA19075	57846922	58012114	1.04709	6	3
HG01589	NA11840	57744869	58012114	1.13188	9	5
NA19734	HG01444	57846922	58012114	1.04709	6	3
NA19372	NA19318	57878080	58039540	1.13399	6	3
HG03949	HG03016	57878080	58065200	1.17821	7	4
HG01488	NA20540	57878080	58065200	1.17821	7	4
HG02397	HG03616	58188354	58485810	1.00178	11	6
HG01105	NA12814	58188354	58564373	1.02393	12	5
NA20778	HG00111	58159331	58564373	1.05629	13	6
NA11843	HG00338	58216332	58590564	1.02488	12	6
HG00190	HG00331	58188354	58590564	1.0657	13	6
NA12489	HG03672	58262932	58619676	1.02231	11	6
NA20502	HG00338	58246522	58619676	1.04785	12	5
HG01679	HG00323	58246522	58619676	1.04785	12	6
HG02655	HG01149	58262932	58619676	1.02231	11	5
HG02150	NA19755	58262932	58619676	1.02231	11	4
HG00125	HG04144	58262932	58619676	1.02231	11	5
HG01781	NA20504	58262932	58619676	1.02231	11	5
HG00250	NA11829	58188354	58619676	1.11166	14	8
HG02364	HG02373	58262932	58619676	1.02231	11	6
HG00142	HG00101	58246522	58619676	1.04785	12	6
HG01630	HG02425	58262932	58619676	1.02231	11	5
HG02185	HG00155	58262932	58619676	1.02231	11	5
HG00338	HG01679	58262932	58619676	1.02231	11	6
HG03896	HG01618	58262932	58644995	1.06893	12	6
NA12546	HG01142	58285282	58644995	1.04628	11	6
HG00357	NA20536	58308112	58675100	1.13571	12	6
HG00330	HG00345	58285282	58675100	1.26286	13	7
HG02278	HG00125	58262932	58675100	1.28551	14	6
NA12874	HG02655	58308112	58675100	1.13571	12	7
HG00265	HG00338	58262932	58686943	1.28787	15	6
NA19720	HG01528	58308112	58686943	1.13807	13	6
HG01488	NA19669	58308112	58702400	1.14035	14	6
HG00274	HG01679	58246522	58702400	1.31568	17	7
NA12340	HG00358	58159331	58702400	1.41184	20	7
NA12144	HG01618	58308112	58702400	1.14035	14	7
HG01684	HG02010	58308112	58702400	1.14035	14	8
HG00101	HG01786	58308112	58702400	1.14035	14	7
HG00101	NA12890	58308112	58702400	1.14035	14	7
HG01781	HG00130	58285282	58702400	1.2675	15	8
HG00379	HG00125	58262932	58702400	1.29014	16	6
HG00272	NA11918	58308112	58702400	1.14035	14	7
HG02087	HG00428	58363144	58795799	1.04744	15	8
HG01488	HG01437	58352191	58795799	1.11152	16	5
HG03625	HG03947	58363144	58795799	1.04744	15	6
HG04183	HG04194	58352191	58795799	1.11152	16	6
HG03925	HG01142	58363144	58795799	1.04744	15	6
HG00328	HG00345	58352191	58814760	1.17114	17	8
HG00324	HG00125	58326790	58814760	1.18304	18	9
NA12489	NA20887	58352191	58814760	1.17114	17	10
HG00130	NA20887	58352191	58814760	1.17114	17	8
NA20818	HG01679	58352191	58872930	1.20524	19	7
NA12144	HG01786	58352191	58888327	1.20988	20	6
HG02236	NA11931	58352191	58888327	1.20988	20	7
HG02389	HG00654	58387142	58906072	1.02097	19	6
HG03007	NA18579	58352191	58906072	1.2298	21	9
NA19720	HG01456	58363144	58943955	1.20965	22	10
HG03595	HG02082	58352191	58943955	1.27373	23	9
HG01049	HG01168	58486951	59006469	1.0102	21	9
HG01595	HG01596	58409231	59029455	1.0776	23	12
NA12286	HG00274	58486951	59052853	1.02853	23	11
HG03585	HG03947	58564967	59091460	1.03663	24	12
NA19732	HG01444	58645262	59162004	1.00428	23	11
HG02275	HG01497	58664774	59360980	1.11495	32	16
HG01939	HG02147	59162381	59466377	1.07967	15	6
NA19732	HG01991	59345489	59704039	1.24595	19	10
HG00879	HG01149	59267464	59739626	1.48191	26	13
HG01149	NA19088	59385573	59739626	1.04851	18	7
HG00864	HG02075	59588250	59880866	1.00658	15	7
HG02185	HG02122	59606668	59880866	1.00272	14	6
NA21101	HG00589	59588250	59880866	1.00658	15	7
HG02230	HG01323	59606668	59880866	1.00272	14	6
HG02181	HG01597	59588250	59880866	1.00658	15	7
NA18544	HG02047	59606668	59880866	1.00272	14	7
HG02185	HG02373	59606668	59880866	1.00272	14	5
HG03922	HG03897	59606668	59880866	1.00272	14	7
HG02179	HG02116	59606668	59880866	1.00272	14	7
NA18528	HG00689	59588250	59880866	1.00658	15	6
HG00137	HG01140	59606668	59880866	1.00272	14	6
HG02684	HG01251	59588250	59880866	1.00658	15	7
NA20869	HG01695	59606668	59880866	1.00272	14	8
HG00160	NA21108	59606668	59880866	1.00272	14	6
HG00137	HG01124	59606668	59880866	1.00272	14	7
HG00632	NA18609	59606668	59880866	1.00272	14	7
HG00867	HG03862	59562312	59880866	1.00658	16	8
HG00137	HG04033	59606668	59880866	1.00272	14	6
HG01842	HG03866	59659222	59898409	1.05682	11	6
HG02278	HG02075	59659222	59898409	1.05682	11	4
NA20787	NA20887	59659222	59898409	1.05682	11	5
HG01488	NA20887	59659222	59898409	1.05682	11	5
HG01551	NA19747	59659222	59898409	1.05682	11	6
NA21111	NA19006	59659222	59898409	1.05682	11	4
HG02128	HG01811	59606668	59898409	1.21866	15	7
HG01488	NA20787	59659222	59898409	1.05682	11	6
HG01488	NA18627	59639907	59898409	1.0703	12	6
HG00137	HG02239	59659222	59898409	1.05682	11	4
HG00651	HG00683	59659222	59910645	1.06579	12	4
HG00864	HG02408	59659222	59910645	1.06579	12	5
HG01869	NA21101	59659222	59921133	1.07128	13	6
HG01518	HG01491	59606668	59921133	1.23312	17	10
HG03910	HG03595	59690347	59921133	1.03533	12	6
NA20515	NA20853	59659222	59921133	1.07128	13	6
NA19006	HG02364	59659222	59921133	1.07128	13	6
HG01595	NA20515	59659222	59921133	1.07128	13	6
HG01596	HG03854	59690347	59921133	1.03533	12	6
NA21123	NA18757	59659222	59921133	1.07128	13	6
NA18965	NA18609	59659222	59921133	1.07128	13	6
HG02386	NA18747	59659222	59941064	1.09921	15	8
HG00698	HG02180	59659222	59941064	1.09921	15	6
HG01850	NA18943	59659222	59941064	1.09921	15	8
NA18528	NA18953	59659222	59941064	1.09921	15	7
NA19747	HG01142	59659222	59941064	1.09921	15	7
HG01133	NA19669	59690347	59941064	1.06326	14	7
HG01351	HG00365	59659222	59941064	1.09921	15	7
NA19006	HG02029	59659222	59955785	1.1294	16	9
HG02040	NA19726	59659222	59955785	1.1294	16	8
NA18625	HG01149	59606668	59955785	1.29124	20	8
HG03947	NA21118	59659222	59961409	1.13133	17	8
HG04141	HG03692	59705334	59971733	1.08129	16	9
NA18749	HG00653	59690347	60013904	1.42889	20	10
NA21086	HG00116	60062132	60292179	1.08465	14	7
HG00171	NA19056	60034503	60292179	1.08945	15	8
HG00620	NA18629	60096356	60345659	1.21275	17	9
HG02562	HG02854	60235109	60406756	1.13942	12	6
NA19716	HG02150	60235109	60421017	1.14253	13	7
