NA19658	NA19726	15630516	15996276	1.02583	23	11
NA19658	NA19741	15630516	15996276	1.02583	23	9
NA19770	NA19741	15647790	15996276	1.01911	21	9
NA19770	HG03750	15654985	15996276	1.00899	20	8
HG00131	HG01251	15637815	16041292	1.03392	24	10
NA19770	NA19726	15654985	16041292	1.02102	22	9
NA18946	NA18942	15678409	16064603	1.06052	21	9
HG03686	NA18946	15700157	16064603	1.04897	19	10
NA18995	HG02082	15647790	16078853	1.10029	25	12
NA19741	NA19726	15630516	16094860	1.1334	29	12
NA19783	NA19782	15729775	16094860	1.00516	19	10
HG01704	NA21088	15812603	16152268	1.07786	19	10
NA12286	NA20771	15783998	16191900	1.08518	23	10
HG01599	HG02156	15678409	16191900	1.19187	31	16
HG01414	HG00729	15812603	16214466	1.07786	23	9
NA20874	NA12830	16604045	17047488	1.0058	19	8
HG00101	HG00125	16588690	17047488	1.01928	20	8
HG02185	NA19004	16604045	17047488	1.0058	19	10
HG00345	HG03899	16540415	17076994	1.09405	23	12
HG00345	NA20790	16644149	17076994	1.00989	19	11
HG03926	HG00729	16644149	17076994	1.00989	19	10
HG00101	HG00116	16644149	17076994	1.00989	19	8
HG01863	HG00445	16604045	17076994	1.03214	20	10
HG02374	NA18638	16644149	17106887	1.00989	20	8
NA19060	HG01862	16644149	17106887	1.00989	20	10
HG04090	HG03690	16644149	17106887	1.00989	20	9
NA20502	HG00321	16604045	17106887	1.03214	21	9
NA18544	HG01474	16644149	17106887	1.00989	20	7
HG00281	HG03792	16644149	17106887	1.00989	20	11
NA20896	HG04090	16644149	17106887	1.00989	20	10
HG02780	HG01444	16644149	17106887	1.00989	20	10
HG02348	NA19732	16644149	17106887	1.00989	20	9
NA12748	HG03668	16644149	17106887	1.00989	20	9
NA19058	HG04090	16644149	17106887	1.00989	20	8
HG00181	HG02655	16644149	17106887	1.00989	20	10
NA18979	NA20899	16540415	17106887	1.09405	24	12
HG01491	HG04090	16644149	17106887	1.00989	20	10
NA19091	NA18979	16540415	17106887	1.09405	24	11
NA18747	HG02398	16540415	17106887	1.09405	24	12
HG04141	NA11829	16644149	17106887	1.00989	20	10
NA18957	NA19065	16644149	17106887	1.00989	20	8
HG01474	HG03800	16604045	17106887	1.03214	21	10
NA20870	NA19771	16644149	17106887	1.00989	20	9
NA18623	NA19065	16644149	17106887	1.00989	20	10
NA19091	HG00362	16644149	17129839	1.00989	21	8
HG01586	NA21123	16644149	17165300	1.00989	22	9
NA21088	HG01503	16540415	17165300	1.09405	26	12
HG01927	NA19770	16604045	17165300	1.03214	23	10
HG00867	NA18535	16644149	17165300	1.00989	22	12
NA18645	HG02398	16604045	17165300	1.03214	23	8
HG01870	HG00689	16644149	17165300	1.00989	22	8
NA18979	HG00689	16644149	17165300	1.00989	22	9
HG00463	NA18979	16644149	17165300	1.00989	22	11
NA18537	HG00675	16604045	17165300	1.03214	23	7
NA12874	HG04182	16644149	17203539	1.00989	23	11
HG01606	HG02651	16644149	17203539	1.00989	23	10
HG03926	HG03800	16604045	17203539	1.03214	24	8
NA20822	HG03963	16604045	17203539	1.03214	24	12
HG02090	NA18979	16644149	17203539	1.00989	23	11
NA19058	NA18535	16644149	17203539	1.00989	23	10
HG01491	HG03849	16644149	17203539	1.00989	23	10
NA18965	NA18623	16604045	17203539	1.03214	24	10
HG02047	NA19771	16644149	17203539	1.00989	23	8
HG03908	HG03867	16604045	17203539	1.03214	24	9
NA18623	NA18957	16604045	17203539	1.03214	24	9
NA21088	NA20502	16644149	17241567	1.00989	24	11
HG03861	HG03849	16644149	17241567	1.00989	24	12
HG00611	HG01618	16644149	17241567	1.00989	24	14
NA18740	NA19059	16644149	17241567	1.00989	24	10
HG01286	HG03690	16644149	17241567	1.00989	24	7
NA18621	NA19089	16644149	17241567	1.00989	24	12
HG00407	HG04107	16644149	17241567	1.00989	24	9
HG01786	HG02075	16644149	17241567	1.00989	24	10
NA18605	NA18544	16604045	17241567	1.03214	25	13
HG01491	HG02090	16644149	17241567	1.00989	24	5
HG01491	HG01869	16644149	17241567	1.00989	24	10
NA18984	NA18626	16644149	17241567	1.00989	24	12
HG03965	HG00311	16604045	17241567	1.03214	25	11
NA21088	NA12814	16644149	17284412	1.00989	25	7
NA19651	NA18535	16540415	17284412	1.09405	29	11
HG01707	HG03899	16644149	17284412	1.00989	25	13
NA20822	NA20534	16604045	17324765	1.03214	27	12
HG01491	HG00867	16644149	17324765	1.00989	26	10
NA18965	NA20896	16644149	17324765	1.00989	26	11
HG01491	HG03789	16644149	17348568	1.00989	27	12
NA21133	HG00238	16644149	17384024	1.00989	29	14
HG01491	NA19089	16644149	17401011	1.00989	30	12
NA18570	NA18645	16517108	17431897	1.12855	36	14
HG01864	HG01860	16644149	17431897	1.03692	31	16
HG02275	HG01248	16588690	17476801	1.09158	34	10
NA18621	NA19006	16604045	17476801	1.0781	33	14
NA18979	NA18535	16644149	17476801	1.05585	32	11
HG02147	NA18535	16644149	17529996	1.10026	33	15
HG00281	NA19058	16668778	17558705	1.15232	33	14
NA18544	HG03800	16718566	17582063	1.06405	32	15
NA19058	HG02379	16718566	17582063	1.06405	32	14
NA19058	HG02147	16793045	17582063	1.04971	30	8
HG02180	HG00675	16718566	17582063	1.06405	32	14
HG01863	HG02379	16812882	17582063	1.04091	29	9
HG01863	NA20822	16812882	17582063	1.04091	29	12
HG02385	HG02190	16835730	17582063	1.03435	28	13
NA18965	NA19059	16604045	17582063	1.32889	36	13
HG01927	NA20812	16793045	17602182	1.05933	31	14
HG00281	NA18544	16718566	17602182	1.07367	33	12
HG02275	HG00728	16835730	17602182	1.04397	29	11
HG03910	NA18611	16718566	17602182	1.07367	33	15
HG02090	HG01390	16760554	17602182	1.06491	32	11
HG02017	HG01474	16793045	17602182	1.05933	31	15
HG01863	NA18979	16812882	17602182	1.05053	30	7
NA18999	NA18979	16835730	17602182	1.04397	29	9
HG00693	HG02128	16835730	17616889	1.05105	30	8
HG00238	HG00675	16793045	17616889	1.0664	32	17
NA19058	NA18979	16644149	17616889	1.32333	37	19
NA18965	NA18979	16718566	17616889	1.08074	34	14
NA18579	HG02379	16793045	17616889	1.0664	32	17
NA18999	HG03800	16668778	17616889	1.26311	36	15
HG02128	HG03800	16718566	17631801	1.08766	35	12
NA18965	NA19058	16718566	17631801	1.08766	35	16
HG00693	HG03800	16835730	17645472	1.06357	32	14
HG01816	HG00675	16867882	17673817	1.14205	32	14
HG02374	HG00675	16835730	17673817	1.34749	33	15
HG02374	NA18611	16867882	17673817	1.14205	32	13
NA19771	HG00675	16835730	17673817	1.34749	33	11
NA18526	HG02128	16867882	17673817	1.14205	32	11
NA18526	HG02180	16718566	17673817	1.37719	37	18
HG00281	HG01816	16867882	17673817	1.14205	32	13
HG00699	NA18561	16867882	17673817	1.14205	32	14
HG02600	HG03611	16867882	17673817	1.14205	32	15
NA18979	NA18969	16918523	17673817	1.00116	29	13
NA18979	HG01991	16867882	17673817	1.14205	32	16
HG02128	NA18969	16918523	17673817	1.00116	29	8
HG02128	HG00675	16867882	17673817	1.14205	32	11
HG01991	NA20539	16918523	17673817	1.00116	29	15
HG01414	NA20828	16918523	17673817	1.00116	29	15
HG01816	HG01991	16867882	17673817	1.14205	32	16
HG01816	HG02128	16867882	17673817	1.14205	32	9
HG01695	NA18550	17401183	17709046	1.06134	11	6
HG04210	NA21087	17367977	17709046	1.06134	13	6
HG02681	NA21087	17401183	17709046	1.06134	11	5
NA21087	HG03926	17348705	17709046	1.06134	14	7
NA18627	NA19074	17367977	17709046	1.06134	13	7
NA10847	NA19059	17348705	17709046	1.06134	14	6
HG01852	NA19059	17325210	17709046	1.06134	15	5
HG02374	NA18959	17047540	17709046	1.08766	23	5
HG02374	HG02153	17367977	17709046	1.06134	13	4
HG02374	NA19091	17367977	17709046	1.06134	13	7
HG02374	HG01816	16928808	17709046	1.44915	29	6
HG00560	NA18645	17047540	17709046	1.08766	23	11
HG02186	HG03900	17325210	17709046	1.06134	15	7
HG02186	HG02075	17367977	17709046	1.06134	13	7
HG01597	NA18959	17431898	17709046	1.03431	10	5
HG02116	HG02351	17367977	17709046	1.06134	13	5
HG02658	HG02147	17348705	17709046	1.06134	14	5
NA21088	NA21133	17477006	17709046	1.01537	9	4
HG02655	NA21142	17384107	17709046	1.06134	12	4
HG00654	HG02075	17367977	17709046	1.06134	13	6
HG00654	HG03854	17401183	17709046	1.06134	11	6
HG00654	HG02190	17348705	17709046	1.06134	14	4
HG00142	HG03007	17384107	17709046	1.06134	12	7
HG00693	HG03900	17348705	17709046	1.06134	14	6
HG00693	HG02190	17348705	17709046	1.06134	14	6
HG00693	HG00592	17367977	17709046	1.06134	13	6
HG00693	HG01816	16867882	17709046	1.5935	33	14
HG02040	NA19055	17047540	17709046	1.08766	23	10
NA18968	NA19091	17325210	17709046	1.06134	15	6
HG00592	HG03900	17284622	17709046	1.06134	16	6
HG00592	NA18959	17348705	17709046	1.06134	14	6
HG03832	NA19074	17431898	17709046	1.03431	10	4
HG02190	HG03900	17367977	17709046	1.06134	13	3
HG00663	NA19064	17325210	17709046	1.06134	15	6
HG00663	NA18550	17431898	17709046	1.03431	10	4
HG01124	NA20899	17477006	17709046	1.01537	9	3
HG00345	HG00177	17431898	17709046	1.03431	10	5
HG00345	HG00654	17367977	17709046	1.06134	13	6
HG02185	NA19759	17348705	17709046	1.06134	14	7
NA20896	HG01174	17431898	17709046	1.03431	10	4
HG02075	HG03900	17367977	17709046	1.06134	13	5
HG02073	HG01121	17431898	17709046	1.03431	10	6
HG00125	HG00272	17431898	17709046	1.03431	10	4
HG03808	NA21123	17477006	17709046	1.01537	9	4
HG01528	HG02075	17477006	17709046	1.01537	9	3
HG01528	HG01311	17325210	17709046	1.06134	15	4
HG01528	NA18998	17367977	17709046	1.06134	13	6
HG01528	HG02696	17367977	17709046	1.06134	13	6
NA19006	HG00867	17284622	17709046	1.06134	16	7
HG00699	NA19078	17367977	17709046	1.06134	13	5
HG00699	HG02180	17367977	17709046	1.06134	13	4
HG00653	NA20887	17348705	17709046	1.06134	14	6
HG00653	NA18998	17348705	17709046	1.06134	14	7
NA18973	HG01174	17367977	17709046	1.06134	13	6
HG02252	NA12814	17384107	17709046	1.06134	12	6
NA19732	HG00383	17477006	17709046	1.01537	9	3
HG02180	HG02082	16998803	17709046	1.30825	26	7
HG02180	NA18620	17367977	17709046	1.06134	13	5
HG01869	NA18544	17284622	17709046	1.06134	16	7
NA18979	NA18561	17348705	17709046	1.06134	14	6
NA18603	HG03900	17284622	17709046	1.06134	16	7
NA18603	NA18998	17367977	17709046	1.06134	13	6
HG03864	NA11920	17431898	17709046	1.03431	10	5
HG01589	HG00282	17367977	17709046	1.06134	13	7
HG01863	HG02397	17367977	17709046	1.06134	13	3
NA18961	HG02153	17367977	17709046	1.06134	13	6
NA18961	NA18620	17367977	17709046	1.06134	13	5
NA18961	NA19078	17348705	17709046	1.06134	14	5
NA18961	NA19091	17367977	17709046	1.06134	13	5
NA18961	HG02180	17047540	17709046	1.08766	23	10
NA18961	HG02374	17047540	17709046	1.08766	23	10
NA18961	HG01816	17367977	17709046	1.06134	13	5
NA20902	HG02651	17348705	17709046	1.06134	14	6
NA19091	HG01597	17401183	17709046	1.06134	11	5
NA19091	NA20876	17367977	17709046	1.06134	13	4
HG00452	HG00699	17284622	17709046	1.06134	16	7
HG00452	NA18961	17203785	17709046	1.06134	18	7
HG00282	HG01174	17367977	17709046	1.06134	13	5
HG00282	HG02075	17012801	17709046	1.18371	25	7
HG00282	HG00592	17325210	17709046	1.06134	15	6
HG00282	NA18998	17047540	17709046	1.08766	23	8
HG00282	HG00590	17367977	17709046	1.06134	13	5
HG00282	HG04096	17477006	17709046	1.01537	9	4
HG00282	NA18603	17367977	17709046	1.06134	13	6
HG00282	HG00653	17348705	17709046	1.06134	14	6
HG00282	HG01528	17367977	17709046	1.06134	13	7
HG01595	NA18968	17325210	17709046	1.06134	15	5
NA18998	HG02075	17047540	17709046	1.08766	23	10
NA18998	HG03900	17325210	17709046	1.06134	15	5
NA18998	HG02190	17348705	17709046	1.06134	14	5
NA18998	HG01311	17367977	17709046	1.06134	13	7
NA18998	HG00592	17367977	17709046	1.06134	13	6
HG00368	NA18959	17348705	17709046	1.06134	14	5
HG00368	HG00383	17367977	17709046	1.06134	13	4
HG00368	NA19078	17325210	17709046	1.06134	15	5
HG00368	HG02180	17348705	17709046	1.06134	14	5
HG00368	HG00653	17367977	17709046	1.06134	13	7
HG00368	HG00699	17367977	17709046	1.06134	13	6
HG00368	HG02374	17348705	17709046	1.06134	14	6
HG00368	HG01816	17367977	17709046	1.06134	13	5
HG00368	NA18961	17348705	17709046	1.06134	14	5
HG00368	HG00452	17367977	17709046	1.06134	13	5
HG02681	HG03926	17401183	17709046	1.06134	11	5
HG02164	HG04094	17401183	17709046	1.06134	11	5
NA18749	HG02299	17367977	17709046	1.06134	13	4
NA18623	HG03755	17384107	17709046	1.06134	12	4
HG01816	HG02075	17367977	17709046	1.06134	13	7
HG01816	HG03900	17325210	17709046	1.06134	15	6
HG04210	HG03926	17401183	17709046	1.06134	11	6
HG01816	HG02190	17348705	17709046	1.06134	14	6
HG04210	HG02681	17367977	17709046	1.06134	13	7
HG01816	NA19078	17367977	17709046	1.06134	13	5
HG01816	HG00592	17367977	17709046	1.06134	13	7
HG01816	NA18998	16946241	17709046	1.34813	28	11
HG01816	NA19091	17348705	17709046	1.06134	14	7
HG01816	HG02180	17047540	17709046	1.08766	23	9
HG01816	HG00699	17348705	17709046	1.06134	14	5
HG01816	NA20866	17076995	17709046	1.06134	22	7
HG01816	HG00282	16998803	17709046	1.30825	26	10
HG01089	HG04134	17384107	17709046	1.06134	12	6
HG01089	HG01174	17367977	17709046	1.06134	13	7
HG01089	HG01286	16867882	17709046	1.5935	33	11
HG01089	HG01610	17431898	17709046	1.03431	10	5
HG03760	HG04090	17558787	17740321	1.3006	8	3
HG03760	HG00663	17582143	17740321	1.20956	7	3
HG02512	HG03902	17631821	17740321	1.18598	4	2
HG03805	HG01991	17631821	17740321	1.18598	4	2
HG03625	HG03789	17631821	17740321	1.18598	4	2
HG03625	HG00250	17367977	17740321	1.50635	14	8
HG01695	HG00159	17582143	17740321	1.20956	7	1
HG01779	HG01632	17530021	17740321	1.41593	9	4
NA18603	HG00844	17367977	17740321	1.50635	14	5
HG04090	HG02058	17477006	17740321	1.46038	10	4
NA19731	HG01586	17431898	17740321	1.47932	11	3
NA19731	NA18528	17602473	17740321	1.19984	6	2
HG01589	HG03690	17582143	17740321	1.20956	7	4
NA21087	HG01259	17367977	17740321	1.50635	14	5
NA20850	NA18959	17582143	17740321	1.20956	7	1
NA20850	HG02190	17530021	17740321	1.41593	9	3
NA10847	HG03784	17582143	17740321	1.20956	7	3
NA10847	NA20530	17582143	17740321	1.20956	7	3
HG02374	NA18638	17367977	17740321	1.50635	14	6
HG02374	HG00879	17602473	17740321	1.19984	6	3
HG02374	HG03593	17646134	17740321	1.18011	3	1
HG00160	HG00261	17631821	17740321	1.18598	4	2
NA20850	HG00663	17530021	17740321	1.41593	9	3
NA20850	HG02600	17582143	17740321	1.20956	7	3
NA20850	HG03760	17582143	17740321	1.20956	7	2
NA20797	HG00596	17631821	17740321	1.18598	4	2
HG02186	NA18537	17616940	17740321	1.19288	5	2
HG00593	NA19003	17558787	17740321	1.3006	8	3
HG02186	HG02190	17616940	17740321	1.19288	5	2
NA20775	HG03750	17558787	17740321	1.3006	8	3
HG02116	NA12890	17582143	17740321	1.20956	7	3
HG02116	HG01182	17602473	17740321	1.19984	6	2
HG00339	NA12751	17631821	17740321	1.18598	4	2
HG04090	HG01054	17530021	17740321	1.41593	9	4
HG04090	HG01618	17582143	17740321	1.20956	7	4
HG04090	HG00116	17477006	17740321	1.46038	10	4
HG01586	NA19059	17582143	17740321	1.20956	7	2
HG01586	HG00151	17631821	17740321	1.18598	4	2
HG01586	NA19651	17602473	17740321	1.19984	6	2
HG01586	NA18995	17530021	17740321	1.41593	9	4
HG01586	HG02392	17616940	17740321	1.19288	5	2
HG01586	NA18528	17602473	17740321	1.19984	6	2
HG01586	HG02597	17582143	17740321	1.20956	7	3
HG02278	NA20828	17646134	17740321	1.18011	3	1
HG02278	HG03963	17631821	17740321	1.18598	4	2
HG03711	NA19723	17558787	17740321	1.3006	8	4
HG02233	NA20828	17401183	17740321	1.50635	12	6
HG00274	HG01632	17616940	17740321	1.19288	5	2
NA21094	NA20531	17646134	17740321	1.18011	3	1
NA21094	HG02490	17646134	17740321	1.18011	3	1
HG00445	HG00689	17530021	17740321	1.41593	9	4
HG04096	NA18942	17631821	17740321	1.18598	4	2
HG04096	NA20858	17616940	17740321	1.19288	5	2
NA20796	NA18630	17602473	17740321	1.19984	6	2
HG00436	HG01500	17646134	17740321	1.18011	3	1
HG01565	HG03784	17530021	17740321	1.41593	9	3
HG00590	NA19091	17558787	17740321	1.3006	8	4
HG00590	NA18617	17631821	17740321	1.18598	4	2
HG03991	HG01632	17631821	17740321	1.18598	4	2
NA18629	HG03611	17582143	17740321	1.20956	7	4
NA18629	HG02188	17631821	17740321	1.18598	4	2
NA18629	HG02597	17530021	17740321	1.41593	9	5
NA18995	NA19059	17367977	17740321	1.50635	14	6
NA18995	HG00151	17602473	17740321	1.19984	6	3
NA20812	NA19726	17646134	17740321	1.18011	3	1
HG03007	HG00362	17582143	17740321	1.20956	7	2
HG03007	HG01414	17582143	17740321	1.20956	7	2
HG00097	HG02651	17631821	17740321	1.18598	4	2
NA19651	HG02392	17616940	17740321	1.19288	5	2
NA18968	HG03694	17582143	17740321	1.20956	7	3
NA18968	HG02064	17646134	17740321	1.18011	3	1
HG03914	HG03830	17646134	17740321	1.18011	3	1
NA19078	NA18942	17602473	17740321	1.19984	6	2
NA19078	HG02153	17530021	17740321	1.41593	9	2
NA19078	HG02351	17558787	17740321	1.3006	8	3
HG00592	HG02190	17367977	17740321	1.50635	14	4
HG00592	HG02186	17367977	17740321	1.50635	14	7
NA18544	HG02078	17646134	17740321	1.18011	3	1
HG00611	NA19055	17348705	17740321	1.50635	15	7
HG00867	NA18942	17558787	17740321	1.3006	8	4
HG00867	HG02153	17530021	17740321	1.41593	9	4
HG00867	HG02351	17558787	17740321	1.3006	8	3
HG01779	HG03991	17582143	17740321	1.20956	7	4
NA20586	HG01500	17602473	17740321	1.19984	6	3
NA18648	HG03690	17076995	17740321	1.50635	23	7
HG03947	HG03977	17616940	17740321	1.19288	5	2
HG00663	NA18959	17582143	17740321	1.20956	7	2
HG00663	HG03896	17582143	17740321	1.20956	7	2
NA21086	NA19792	17530021	17740321	1.41593	9	3
HG01860	NA20828	17582143	17740321	1.20956	7	3
HG00345	HG00366	17646134	17740321	1.18011	3	1
NA19731	NA19059	17582143	17740321	1.20956	7	2
NA19731	NA19064	17582143	17740321	1.20956	7	3
NA19731	HG00151	17602473	17740321	1.19984	6	2
NA19731	NA18995	17582143	17740321	1.20956	7	3
NA19731	HG02392	17616940	17740321	1.19288	5	2
NA19731	NA19651	17602473	17740321	1.19984	6	2
NA19731	HG02597	17582143	17740321	1.20956	7	2
HG02408	NA18973	17646134	17740321	1.18011	3	1
NA12414	NA20899	17602473	17740321	1.19984	6	3
HG00101	NA20530	17401183	17740321	1.50635	12	7
HG03018	HG02348	17646134	17740321	1.18011	3	1
HG03787	HG01503	17631821	17740321	1.18598	4	2
HG01149	NA19735	17646134	17740321	1.18011	3	1
NA19059	HG00428	17582143	17740321	1.20956	7	3
NA19059	HG03611	17582143	17740321	1.20956	7	2
NA20896	NA11918	17602473	17740321	1.19984	6	2
HG03896	HG02351	17582143	17740321	1.20956	7	3
NA20896	HG04186	17616940	17740321	1.19288	5	2
HG02236	HG03812	17616940	17740321	1.19288	5	2
HG02236	HG02180	17530021	17740321	1.41593	9	4
HG03789	HG00250	17616940	17740321	1.19288	5	2
HG01512	NA18942	17616940	17740321	1.19288	5	2
HG01512	HG04096	17631821	17740321	1.18598	4	2
HG02648	HG02153	17631821	17740321	1.18598	4	2
HG02648	NA18942	17631821	17740321	1.18598	4	2
NA20321	HG03902	17477006	17740321	1.46038	10	5
NA18949	HG01624	17631821	17740321	1.18598	4	2
HG02512	NA19651	17646134	17740321	1.18011	3	1
HG02512	HG02392	17602473	17740321	1.19984	6	2
HG02512	NA18528	17646134	17740321	1.18011	3	1
HG02512	HG02597	17646134	17740321	1.18011	3	1
HG02512	HG01586	17646134	17740321	1.18011	3	1
HG02512	NA19731	17646134	17740321	1.18011	3	1
HG00132	HG00151	17530021	17740321	1.41593	9	4
HG00132	HG03914	17646134	17740321	1.18011	3	1
HG00132	NA06994	17646134	17740321	1.18011	3	1
HG00844	HG02075	17325210	17740321	1.50635	16	6
HG00742	HG03854	17582143	17740321	1.20956	7	4
HG02351	HG02153	17558787	17740321	1.3006	8	2
HG02351	NA18942	17616940	17740321	1.19288	5	2
NA06984	HG01991	17646134	17740321	1.18011	3	1
NA06984	HG01414	17431898	17740321	1.47932	11	4
NA06984	HG03007	17477006	17740321	1.46038	10	4
HG00879	HG02651	17558787	17740321	1.3006	8	3
HG00879	NA20812	17582143	17740321	1.20956	7	4
HG00879	NA18638	17530021	17740321	1.41593	9	4
HG04206	HG03750	17582143	17740321	1.20956	7	3
HG02188	HG03611	17616940	17740321	1.19288	5	2
HG02188	HG03854	17616940	17740321	1.19288	5	2
HG02188	HG00742	17582143	17740321	1.20956	7	4
HG03940	HG02392	17631821	17740321	1.18598	4	2
HG00699	HG02058	17616940	17740321	1.19288	5	2
HG03731	HG00323	17602473	17740321	1.19984	6	3
HG00699	NA19091	17646134	17740321	1.18011	3	0
HG01695	HG00274	17631821	17740321	1.18598	4	2
HG03760	NA18959	17558787	17740321	1.3006	8	2
HG03916	HG03829	17646134	17740321	1.18011	3	1
NA19759	HG02727	17631821	17740321	1.18598	4	2
NA19759	HG01121	17631821	17740321	1.18598	4	2
HG02780	HG01323	17631821	17740321	1.18598	4	2
HG02600	HG03934	17646134	17740321	1.18011	3	1
HG01488	HG01618	17631821	17740321	1.18598	4	2
NA18942	HG02153	17558787	17740321	1.3006	8	3
HG01488	HG04090	17631821	17740321	1.18598	4	2
HG00116	HG01054	17530021	17740321	1.41593	9	4
NA21087	HG00879	17646134	17740321	1.18011	3	1
NA21087	HG02078	17646134	17740321	1.18011	3	1
NA12340	NA18757	17558787	17740321	1.3006	8	4
HG00351	HG01500	17582143	17740321	1.20956	7	2
HG04186	NA11918	17558787	17740321	1.3006	8	4
HG00351	NA20586	17558787	17740321	1.3006	8	3
HG04017	HG02783	17530021	17740321	1.41593	9	4
NA19056	NA18949	17631821	17740321	1.18598	4	2
HG04017	HG02392	17631821	17740321	1.18598	4	2
HG04017	HG03940	17384107	17740321	1.50635	13	5
HG02048	NA20810	17631821	17740321	1.18598	4	2
HG03890	HG02186	17530021	17740321	1.41593	9	4
HG02180	HG01182	17602473	17740321	1.19984	6	2
HG00151	NA19059	17631821	17740321	1.18598	4	2
HG02401	NA18625	17646134	17740321	1.18011	3	1
NA18603	HG02075	17367977	17740321	1.50635	14	6
HG01589	NA18648	17602473	17740321	1.19984	6	3
HG03016	HG04020	17582143	17740321	1.20956	7	4
HG00463	HG02597	17602473	17740321	1.19984	6	2
HG01863	HG04094	17616940	17740321	1.19288	5	2
HG03686	NA19782	17582143	17740321	1.20956	7	4
HG01863	HG02375	17165741	17740321	1.50635	20	6
HG01863	NA18561	17616940	17740321	1.19288	5	2
HG02356	HG00560	17582143	17740321	1.20956	7	3
HG01863	HG00463	17616940	17740321	1.19288	5	2
HG01863	NA18605	17530021	17740321	1.41593	9	4
NA18961	HG00323	17530021	17740321	1.41593	9	4
NA18961	NA18973	17602473	17740321	1.19984	6	2
HG03366	HG03139	17582143	17740321	1.20956	7	4
NA18961	HG01390	17582143	17740321	1.20956	7	2
NA18961	HG02408	17646134	17740321	1.18011	3	1
HG01455	HG04134	17582143	17740321	1.20956	7	3
HG01455	HG02351	17582143	17740321	1.20956	7	3
HG01121	HG02727	17530021	17740321	1.41593	9	5
HG01121	HG03663	17558787	17740321	1.3006	8	4
HG01991	HG04182	17582143	17740321	1.20956	7	3
HG01140	HG03235	17616940	17740321	1.19288	5	2
NA19091	HG02058	17582143	17740321	1.20956	7	3
NA19091	NA18617	17646134	17740321	1.18011	3	1
NA18965	HG02064	17646134	17740321	1.18011	3	1
NA18965	NA18968	17646134	17740321	1.18011	3	1
NA10847	HG01251	17582143	17740321	1.20956	7	3
NA10847	HG00101	17602473	17740321	1.19984	6	3
HG03589	HG01868	17646134	17740321	1.18011	3	1
HG04020	NA19059	17646134	17740321	1.18011	3	1
HG04020	HG03611	17558787	17740321	1.3006	8	3
HG03844	HG02536	17558787	17740321	1.3006	8	3
HG01061	NA06984	17582143	17740321	1.20956	7	4
HG02597	HG03611	17582143	17740321	1.20956	7	2
HG02597	HG01444	17646134	17740321	1.18011	3	1
HG02597	HG02392	17646134	17740321	1.18011	3	1
HG02597	NA19651	17646134	17740321	1.18011	3	1
HG02597	HG02188	17616940	17740321	1.19288	5	2
NA21111	HG00879	17582143	17740321	1.20956	7	3
NA21111	HG02374	17582143	17740321	1.20956	7	3
HG04014	HG03866	17558787	17740321	1.3006	8	4
HG02389	NA21086	17582143	17740321	1.20956	7	2
HG00110	HG01323	17646134	17740321	1.18011	3	1
HG02181	NA18611	17646134	17740321	1.18011	3	1
HG02277	HG00867	17530021	17740321	1.41593	9	4
HG02277	NA19078	17530021	17740321	1.41593	9	4
HG00239	NA12890	17530021	17740321	1.41593	9	4
HG03854	HG03611	17582143	17740321	1.20956	7	3
HG03593	NA18638	17582143	17740321	1.20956	7	3
HG03593	HG00879	17558787	17740321	1.3006	8	4
HG01610	HG01500	17530021	17740321	1.41593	9	3
NA18561	HG04094	17582143	17740321	1.20956	7	2
HG02728	HG00596	17582143	17740321	1.20956	7	3
HG02728	NA20797	17631821	17740321	1.18598	4	2
NA18528	HG04020	17631821	17740321	1.18598	4	2
NA18528	NA19651	17602473	17740321	1.19984	6	2
NA18528	HG02392	17582143	17740321	1.20956	7	3
NA18528	HG02597	17646134	17740321	1.18011	3	1
HG03922	NA18979	17530021	17740321	1.41593	9	3
HG01850	HG01860	17582143	17740321	1.20956	7	2
NA19723	HG01456	17401183	17740321	1.50635	12	5
HG02397	NA19089	17367977	17740321	1.50635	14	4
NA19064	HG00428	17367977	17740321	1.50635	14	6
NA19064	NA19059	17284622	17740321	1.50635	17	7
NA18537	HG02058	17477006	17740321	1.46038	10	4
HG02658	NA18638	17431898	17753438	1.6368	12	6
HG00589	NA18565	17646134	17753438	1.33759	4	2
HG02408	NA19055	17646134	17753438	1.33759	4	2
HG02141	HG03593	17646134	17753438	1.33759	4	2
HG03815	HG00651	17646134	17753438	1.33759	4	2
HG03934	NA18528	17616940	17753438	1.35036	6	3
HG02386	HG00611	17646134	17753438	1.33759	4	2
HG04118	HG01456	17646134	17753438	1.33759	4	2
NA20850	HG02156	17616940	17753438	1.35036	6	3
HG02392	NA18620	17616940	17753438	1.35036	6	3
NA18526	HG02392	17616940	17753438	1.35036	6	3
NA18526	HG03789	17616940	17753438	1.35036	6	2
NA20869	NA18620	17646134	17753438	1.33759	4	2
NA20869	HG02392	17646134	17753438	1.33759	4	2
NA18995	NA18565	17674415	17753438	1.05171	3	0
HG03832	HG02128	17384107	17753438	1.66383	14	4
HG00611	HG01842	17477006	17753438	1.61787	11	5
HG01779	HG00315	17602473	17753438	1.35732	7	3
NA18570	HG03922	17646134	17753438	1.33759	4	2
NA21086	HG02265	17602473	17753438	1.35732	7	4
HG03800	HG01864	17616940	17753438	1.35036	6	3
HG03926	HG02050	17602473	17753438	1.35732	7	4
HG00346	NA06984	17558787	17753438	1.45808	9	5
NA19731	NA21118	17582143	17753438	1.36705	8	3
HG02089	HG01794	17646134	17753438	1.33759	4	2
NA20896	HG04144	17616940	17753438	1.35036	6	3
HG02275	HG02090	17646134	17753438	1.33759	4	2
NA18953	HG01794	17646134	17753438	1.33759	4	2
HG03868	HG03595	17582143	17753438	1.36705	8	4
NA19006	HG02727	17616940	17753438	1.35036	6	3
HG00533	HG01842	17646134	17753438	1.33759	4	2
NA18964	HG00663	17646134	17753438	1.33759	4	2
HG01695	NA19064	17674415	17753438	1.05171	3	1
NA18942	NA18953	17646134	17753438	1.33759	4	2
NA18942	HG01794	17631821	17753438	1.34346	5	2
NA12748	HG02230	17646134	17753438	1.33759	4	2
NA18627	HG03593	17367977	17753438	1.66383	15	8
HG02017	HG02727	17646134	17753438	1.33759	4	2
HG02017	NA18537	17646134	17753438	1.33759	4	2
HG02017	NA19006	17646134	17753438	1.33759	4	2
HG02017	HG01595	17558787	17753438	1.45808	9	4
HG00698	HG04094	17401183	17753438	1.66383	13	7
HG02180	NA18582	17602473	17753438	1.35732	7	3
NA18943	NA18561	17348705	17753438	1.66383	16	5
HG03864	HG03593	17602473	17753438	1.35732	7	4
HG03864	NA19091	17530021	17753438	1.57342	10	5
HG03864	NA18627	17530021	17753438	1.57342	10	5
NA12873	HG02536	17558787	17753438	1.45808	9	4
HG01518	NA21123	17602473	17753438	1.35732	7	4
NA18961	HG01606	17582143	17753438	1.36705	8	3
HG00186	HG03947	17646134	17753438	1.33759	4	2
HG01595	HG02727	17582143	17753438	1.36705	8	4
HG01595	NA19006	17348705	17753438	1.66383	16	7
HG00330	HG03947	17616940	17753438	1.35036	6	3
HG00330	HG00186	17646134	17753438	1.33759	4	2
NA20858	HG02040	17558787	17753438	1.45808	9	3
HG01618	NA12414	17602473	17753438	1.35732	7	4
NA20769	NA20296	17646134	17753438	1.33759	4	2
NA06989	HG00177	17602473	17753438	1.35732	7	2
HG02681	NA18611	17646134	17753438	1.33759	4	2
HG02006	NA20769	17646134	17753438	1.33759	4	2
HG02141	NA18627	17631821	17753438	1.34346	5	2
HG02141	HG03864	17646134	17753438	1.33759	4	2
NA18623	HG02385	17646134	17753438	1.33759	4	2
HG02386	HG01842	17646134	17753438	1.33759	4	2
NA19064	NA18565	17674415	17753438	1.05171	3	0
HG03908	NA11918	17674415	17766298	1.09854	4	2
HG03908	HG04144	17674415	17766298	1.09854	4	2
HG03922	NA18610	17674415	17766298	1.09854	4	2
NA21088	NA20581	17530021	17766298	1.62024	11	6
HG00159	HG00358	17674415	17766298	1.09854	4	2
HG03974	NA21111	17558787	17766298	1.50491	10	4
HG01923	HG01610	17674415	17766298	1.09854	4	2
HG02374	NA07357	17674415	17766298	1.09854	4	2
NA18638	HG01862	17674415	17766298	1.09854	4	2
HG02655	HG02180	17674415	17766298	1.09854	4	2
HG01500	HG02398	17674415	17766298	1.09854	4	2
HG01500	NA20810	17674415	17766298	1.09854	4	2
HG00590	NA20810	17674415	17766298	1.09854	4	2
HG00590	HG02398	17674415	17766298	1.09854	4	2
HG00693	NA18998	17558787	17766298	1.50491	10	3
HG00592	HG02075	17530021	17766298	1.62024	11	3
NA18544	HG02050	17674415	17766298	1.09854	4	2
HG00867	NA18539	17631821	17766298	1.39029	6	2
HG00867	NA19078	17367977	17766298	1.71066	16	5
HG03947	HG04134	17616940	17766298	1.39719	7	4
HG03947	HG00125	17674415	17766298	1.09854	4	2
NA18570	HG00699	17646134	17766298	1.38442	5	2
HG00345	HG03746	17674415	17766298	1.09854	4	2
HG00345	HG00159	17674415	17766298	1.09854	4	2
HG03900	NA20828	17674415	17766298	1.09854	4	2
HG03018	HG00125	17674415	17766298	1.09854	4	2
NA11918	HG04144	17674415	17766298	1.09854	4	2
NA20513	HG03692	17616940	17766298	1.39719	7	3
HG02236	NA20581	17616940	17766298	1.39719	7	4
HG00125	HG04134	17616940	17766298	1.39719	7	4
HG00125	NA20534	17582143	17766298	1.41387	9	5
HG01707	HG03902	17674415	17766298	1.09854	4	1
HG00125	HG00383	17530021	17766298	1.62024	11	6
HG03808	HG01864	17616940	17766298	1.39719	7	4
NA07357	NA18971	17674415	17766298	1.09854	4	2
NA12872	NA18971	17674415	17766298	1.09854	4	2
HG00699	NA18959	17616940	17766298	1.39719	7	3
HG03731	HG03849	17602473	17766298	1.40415	8	3
NA18621	NA18565	17602473	17766298	1.40415	8	4
HG00653	HG01182	17616940	17766298	1.39719	7	4
NA20810	HG02398	17674415	17766298	1.09854	4	2
NA19732	HG03731	17602473	17766298	1.40415	8	4
HG02180	HG03812	17616940	17766298	1.39719	7	3
HG02180	NA19078	17348705	17766298	1.71066	17	7
HG01869	HG01500	17674415	17766298	1.09854	4	2
NA18617	NA18979	17674415	17766298	1.09854	4	2
HG01589	NA18544	17674415	17766298	1.09854	4	2
HG03016	NA18528	17602473	17766298	1.40415	8	3
NA19679	HG00125	17674415	17766298	1.09854	4	2
NA18961	HG01354	17674415	17766298	1.09854	4	2
HG00186	NA18611	17631821	17766298	1.39029	6	3
HG00452	HG00653	17348705	17766298	1.71066	17	9
NA18610	NA18544	17674415	17766298	1.09854	4	1
HG00282	NA18949	17674415	17766298	1.09854	4	2
HG00282	HG01610	17674415	17766298	1.09854	4	2
HG00282	HG00654	17674415	17766298	1.09854	4	2
NA21133	NA20796	17602473	17766298	1.40415	8	4
NA06989	HG03746	17674415	17766298	1.09854	4	2
HG00368	HG02655	17674415	17766298	1.09854	4	2
HG02728	HG00699	17674415	17766298	1.09854	4	2
HG01816	HG00383	17530021	17766298	1.62024	11	4
HG01816	HG00125	17582143	17766298	1.41387	9	4
HG01089	NA18544	17674415	17766298	1.09854	4	2
HG01089	HG01869	17674415	17766298	1.09854	4	2
HG03830	HG04134	17582143	17778366	1.45701	10	4
NA11931	HG00151	17674415	17778366	1.14167	5	2
HG01518	NA19734	17530021	17778366	1.66338	12	5
HG00334	HG04090	17674415	17852857	1.14167	9	5
NA20866	HG00654	17616940	17852857	1.44032	12	7
HG00653	HG01528	17558787	17852857	1.54804	15	9
HG00282	NA20866	17674415	17852857	1.14167	9	4
NA18961	HG03731	17602473	17883439	1.44728	14	7
HG01173	HG00553	17674415	17883439	1.14167	10	5
HG00345	HG00358	17674415	17920802	1.14167	11	5
HG00742	HG00151	17602473	17920802	1.44728	15	8
HG01610	NA18949	17674415	17920802	1.14167	11	5
NA18570	NA18959	17646134	17949739	1.42755	13	4
HG00311	HG00372	17646134	17949739	1.42755	13	7
HG02655	NA19078	17674415	17949739	1.14167	12	5
HG00590	HG01500	17616940	17949739	1.44032	15	7
NA18968	NA19078	17674415	17949739	1.14167	12	6
HG01049	NA20808	17674415	17949739	1.14167	12	6
HG03018	NA19679	17674415	17989521	1.14167	13	5
HG00158	NA12872	17674415	17989521	1.14167	13	5
NA18579	NA19055	17674415	18016474	1.14167	15	8
HG00463	HG00654	19098520	19516404	1.04818	21	8
HG01414	HG04076	19197465	19619181	1.12662	22	12
HG02230	HG01173	19353149	19619181	1.00325	14	7
HG01323	NA20516	19353149	19619181	1.00325	14	6
HG01779	HG01323	19335374	19669673	1.08247	18	9
HG00632	HG00759	19375166	19669673	1.07364	16	9
HG01927	HG01414	19272474	19669673	1.12355	21	11
NA12489	HG00150	19492555	19720178	1.00503	13	7
HG00101	HG01770	19492555	19720178	1.00503	13	6
HG01121	HG01465	19478147	19720178	1.21722	14	7
NA21104	NA20853	19505198	19741143	1.10371	13	5
NA20876	NA19678	19505198	19797105	1.13222	15	8
HG03792	HG03686	19505198	19860810	1.1547	18	8
HG01770	NA12872	21809632	22180321	1.01127	29	16
HG02252	HG00118	21809632	22180321	1.01127	29	13
HG01518	NA20769	21915143	22218302	1.05146	18	6
NA20769	NA19717	21933700	22218302	1.0138	17	7
HG02181	NA18539	21933700	22242983	1.02079	18	10
HG01518	HG02684	21933700	22242983	1.02079	18	7
HG00436	NA18998	21959395	22242983	1.00511	17	8
HG01518	HG01465	21933700	22242983	1.02079	18	9
NA12873	HG00262	21959395	22242983	1.00511	17	5
HG01518	HG02150	21959395	22242983	1.00511	17	9
HG01248	HG02265	21959395	22242983	1.00511	17	8
HG01775	NA06989	21894041	22242983	1.15988	21	11
HG02356	HG01779	21894041	22242983	1.15988	21	12
HG02597	NA11995	21933700	22242983	1.02079	18	10
HG02684	NA10847	21933700	22242983	1.02079	18	7
HG00267	HG01060	21933700	22242983	1.02079	18	8
HG01697	HG00235	21822855	22242983	1.25836	30	14
NA18944	HG00566	21933700	22242983	1.02079	18	7
HG00331	HG01168	21959395	22242983	1.00511	17	6
NA19761	NA18645	21959395	22242983	1.00511	17	6
NA20586	HG00242	21933700	22242983	1.02079	18	7
HG00566	NA18645	21915143	22242983	1.05845	19	7
HG04001	NA12144	21933700	22242983	1.02079	18	8
HG01518	HG01770	21933700	22242983	1.02079	18	9
HG00611	HG00693	21915143	22260452	1.08029	20	9
HG02230	HG02277	21959395	22260452	1.02695	18	7
HG00436	NA18645	21933700	22260452	1.04264	19	6
HG01599	HG02028	21915143	22260452	1.08029	20	6
HG01390	NA19771	21915143	22260452	1.08029	20	8
HG03717	HG03902	21959395	22260452	1.02695	18	8
HG01628	HG00272	21933700	22260452	1.04264	19	8
HG01628	HG02277	21933700	22260452	1.04264	19	9
NA20790	NA18998	21933700	22260452	1.04264	19	9
HG01628	HG01351	21894041	22260452	1.18172	22	12
HG00566	NA18609	21959395	22260452	1.02695	18	7
HG02278	HG02147	21959395	22299890	1.0498	20	8
HG02408	NA18638	21933700	22329489	1.08199	22	10
HG00323	HG02697	21983931	22329489	1.00109	20	6
HG02783	HG01624	21983931	22329489	1.00109	20	9
NA18609	NA18645	21959395	22357509	1.07889	23	9
NA12156	HG01623	22057081	22381606	1.02674	18	6
HG01770	HG01679	22030082	22403964	1.05098	22	10
HG02221	NA20528	22057081	22418731	1.0454	20	11
HG01699	NA19747	22057081	22418731	1.0454	20	10
NA12830	NA20899	22048781	22418731	1.04985	21	9
HG01852	HG02185	22042391	22418731	1.05087	22	8
HG00698	HG01811	22057081	22418731	1.0454	20	10
HG00566	NA18539	22030082	22418731	1.05475	23	11
HG01811	NA18638	22057081	22418731	1.0454	20	9
HG01628	HG00583	22048781	22418731	1.04985	21	10
NA20850	HG01770	22057081	22418731	1.0454	20	9
HG02105	HG01991	22048781	22418731	1.04985	21	8
HG00542	HG01811	22057081	22418731	1.0454	20	11
HG01625	HG01770	22048781	22418731	1.04985	21	9
NA18943	HG01599	21983931	22418731	1.21623	25	11
HG02180	HG04194	22042391	22418731	1.05087	22	9
HG00181	HG01398	22057081	22418731	1.0454	20	11
HG00614	HG02367	22030082	22418731	1.05475	23	10
HG00407	HG01506	22042391	22428406	1.07935	23	12
HG00407	HG02397	22057081	22428406	1.07388	21	9
NA18740	NA19682	22048781	22438543	1.11326	23	10
NA18535	HG02398	22030082	22438543	1.11817	25	11
HG01771	HG00115	22042391	22438543	1.11428	24	12
HG01248	HG01679	22048781	22438543	1.11326	23	10
HG01679	HG01623	22057081	22438543	1.10881	22	10
HG00267	HG02239	22057081	22438543	1.10881	22	9
NA12830	HG03913	22048781	22453380	1.12544	24	10
NA18964	NA18999	22010949	22453380	1.14227	27	9
HG01089	HG01444	22048781	22453380	1.12544	24	11
NA12830	HG01479	22042391	22453380	1.12646	25	8
NA18949	HG01121	22042391	22453380	1.12646	25	10
HG02186	HG01811	22057081	22453380	1.12098	23	11
HG04001	HG03830	22042391	22453380	1.12646	25	10
HG00379	HG01054	22057081	22465675	1.15172	24	12
HG02105	HG00109	22057081	22465675	1.15172	24	11
HG02397	HG00235	27713681	27905222	1.01067	9	4
HG00311	HG02070	27713681	27905222	1.01067	9	5
HG00452	NA19064	27713681	27905222	1.01067	9	5
HG03780	NA18971	27713681	27905222	1.01067	9	5
NA21086	HG00321	27691196	27905222	1.01315	10	4
NA20896	HG03780	27713681	27905222	1.01067	9	5
HG00315	NA20807	27691196	27905222	1.01315	10	5
HG00339	NA21123	27636446	27905222	1.05997	13	7
NA20895	HG03234	27691196	27905222	1.01315	10	5
HG01775	HG03856	27751466	27969161	1.04566	10	6
NA20822	NA12878	27751466	27991056	1.04828	11	6
HG01672	NA21108	27751466	27991056	1.04828	11	6
NA20874	HG01124	27636446	27991056	1.13952	17	8
NA19064	NA18971	27751466	27991056	1.04828	11	6
HG03234	HG02651	27751466	28003041	1.04982	12	6
NA18531	HG02190	27751466	28003041	1.04982	12	6
NA18531	HG00867	27751466	28003041	1.04982	12	5
HG03235	NA20810	27751466	28003041	1.04982	12	5
NA06984	HG01597	27751466	28003041	1.04982	12	7
NA18545	NA18611	27751466	28003041	1.04982	12	5
HG01781	HG04118	27751466	28003041	1.04982	12	6
NA18630	NA19064	27751466	28003041	1.04982	12	6
NA20586	HG00160	27751466	28003041	1.04982	12	6
NA18545	HG00879	27751466	28011226	1.05118	13	5
HG00589	HG00158	27751466	28011226	1.05118	13	6
HG02299	HG01124	27623805	28011226	1.14422	20	7
NA20896	NA18971	27713681	28017588	1.09706	16	9
NA12760	NA20581	27730577	28045007	1.24749	18	8
HG00590	NA18984	27751466	28061701	1.21451	19	7
HG00371	HG00158	27751466	28061701	1.21451	19	8
HG01161	HG01323	27636446	28073794	1.30917	26	12
HG02275	NA18561	27751466	28073794	1.21793	20	7
HG02348	NA11918	31014373	31605025	1.02839	22	10
HG01679	NA19741	30963766	31605025	1.03988	24	8
NA12830	HG00174	31043385	31605025	1.01951	21	8
HG02374	HG01842	31014373	31605025	1.02839	22	10
NA18757	HG00729	31014373	31709691	1.0478	30	16
HG03866	NA20887	31373000	31758328	1.04424	19	8
HG02389	HG00155	31373000	31817574	1.05157	21	9
NA20887	HG01506	31373000	31847508	1.05355	22	7
HG00130	HG01161	31220217	31847508	1.14144	28	12
NA20808	HG04080	35990967	36323507	1.00266	11	3
HG01923	NA19067	35990967	36342073	1.23525	12	7
HG01923	NA19770	36041577	36342073	1.15873	10	6
HG03898	HG03830	36012664	36342073	1.16791	11	6
NA18749	NA18968	36041577	36342073	1.15873	10	5
NA19457	NA19067	36041577	36342073	1.15873	10	6
HG00126	NA20536	36041577	36364816	1.18291	11	6
HG03898	HG03934	36041577	36380852	1.21074	12	7
HG00275	HG02687	36176224	36417495	1.21553	9	5
HG01923	NA18957	36176224	36417495	1.21553	9	5
HG00717	NA19091	36176224	36447937	1.22808	10	5
HG01779	HG03917	36176224	36447937	1.22808	10	4
HG01497	NA19074	36130557	36447937	1.2411	11	6
HG01369	HG00261	36220771	36447937	1.1881	9	5
HG00368	HG00362	36323893	36691189	1.00009	16	9
HG02275	NA19734	40903525	41301959	1.23766	29	13
HG01912	NA19658	41079654	41322812	1.12302	20	11
NA18878	NA18864	41079654	41322812	1.12302	20	9
HG02150	NA19658	41058874	41322812	1.17357	21	10
NA19003	NA18565	41079654	41322812	1.12302	20	10
HG00463	HG02150	41079654	41322812	1.12302	20	9
NA19783	NA19734	41079654	41322812	1.12302	20	8
NA21086	HG03653	41121170	41378155	1.01973	21	11
HG01842	NA18943	41263944	41442274	1.02761	12	6
NA18621	HG00675	41263944	41442274	1.02761	12	6
HG02628	HG02571	41121170	41502556	1.32621	28	12
HG00137	HG00311	41263944	41502556	1.10245	15	8
HG02252	NA19759	41302134	41577799	1.10301	18	8
HG02017	HG00699	42332519	42656617	1.23787	16	9
HG00593	NA19004	42422148	42656617	1.01747	12	6
HG01863	HG01869	42398910	42656617	1.02718	13	7
NA19741	HG02651	42398910	42656617	1.02718	13	8
HG03803	HG00137	42422148	42656617	1.01747	12	6
NA20870	HG00629	42422148	42656617	1.01747	12	7
NA21133	NA20853	42461024	42704983	1.01524	12	6
NA21133	HG04141	42481506	42704983	1.0043	10	4
HG01863	NA20586	42470187	42704983	1.01035	11	6
HG03947	HG03902	42461024	42704983	1.01524	12	6
HG01842	NA18535	42481506	42704983	1.0043	10	5
HG03760	NA20775	42461024	42704983	1.01524	12	6
HG04033	HG04144	42481506	42704983	1.0043	10	5
HG00699	NA18579	42481506	42704983	1.0043	10	3
HG00281	NA11918	42461024	42704983	1.01524	12	7
HG00463	NA19085	42481506	42704983	1.0043	10	5
HG00559	NA18630	42534031	42727302	1.03063	8	4
HG03965	HG02252	42534031	42727302	1.03063	8	4
NA18610	NA19059	42534031	42727302	1.03063	8	3
HG01859	NA20581	42519037	42727302	1.03846	9	4
HG00334	HG01624	42534031	42727302	1.03063	8	3
HG00717	HG01859	42497458	42727302	1.07219	10	6
HG00653	NA19732	42534031	42727302	1.03063	8	4
HG00589	HG01867	42461024	42727302	1.11818	13	8
NA18567	HG02356	42519037	42727302	1.03846	9	3
HG03868	NA18567	42519037	42727302	1.03846	9	3
NA19006	HG01860	42497458	42727302	1.07219	10	6
HG02105	NA19761	42519037	42727302	1.03846	9	5
NA18611	NA19761	42497458	42727302	1.07219	10	6
NA18980	NA19004	42534031	42727302	1.03063	8	4
HG03018	NA20321	42519037	42727302	1.03846	9	5
HG04227	HG03684	42461024	42727302	1.11818	13	7
HG04227	HG02401	42497458	42727302	1.07219	10	5
HG00345	NA19075	42534031	42727302	1.03063	8	4
HG03589	NA19004	42534031	42727302	1.03063	8	3
NA18611	HG00583	42519037	42727302	1.03846	9	4
HG01599	NA19075	42519037	42727302	1.03846	9	5
NA18621	NA18949	42497458	42727302	1.07219	10	5
HG01790	HG00272	42461024	42727302	1.11818	13	7
HG00729	NA18550	42519037	42727302	1.03846	9	5
HG03018	HG02425	42519037	42727302	1.03846	9	5
HG01684	NA18535	42461024	42727302	1.11818	13	7
NA18611	HG02136	42534031	42727302	1.03063	8	4
HG02076	NA18968	42534031	42727302	1.03063	8	4
NA21111	HG03868	42497458	42727302	1.07219	10	6
HG02089	HG03773	42481506	42727302	1.10724	11	6
HG02153	NA20882	42519037	42727302	1.03846	9	5
HG01512	NA19679	42497458	42727302	1.07219	10	5
HG03672	HG03803	42470187	42727302	1.11329	12	5
NA21111	HG03900	42519037	42727302	1.03846	9	5
NA21111	HG03812	42422148	42727302	1.17799	15	8
NA18543	HG01595	42519037	42727302	1.03846	9	5
NA18543	NA19085	42519037	42727302	1.03846	9	4
HG01863	HG02367	42534031	42727302	1.03063	8	4
HG02389	HG00629	42497458	42727302	1.07219	10	5
HG00699	HG01684	42497458	42727302	1.07219	10	5
HG02275	NA19060	42534031	42727302	1.03063	8	4
HG00125	HG03900	42497458	42727302	1.07219	10	4
HG03965	HG00445	42519037	42727302	1.03846	9	5
HG03803	HG00131	42534031	42727302	1.03063	8	4
NA18749	NA18535	42481506	42727302	1.10724	11	4
NA18749	NA18611	42534031	42727302	1.03063	8	4
NA18749	HG00729	42534031	42727302	1.03063	8	3
HG00282	HG00323	42422148	42727302	1.17799	15	8
HG03684	NA20581	42519037	42727302	1.03846	9	5
HG02146	HG01980	42519037	42727302	1.03846	9	5
HG04173	HG03711	42519037	42727302	1.03846	9	5
HG04173	HG04090	42461024	42727302	1.11818	13	6
HG01595	NA18537	42519037	42727302	1.03846	9	5
HG02275	HG01456	42481506	42727302	1.10724	11	6
HG02181	HG04094	42519037	42727302	1.03846	9	5
HG02275	HG01927	42439763	42727302	1.13154	14	4
HG02275	HG01063	42439763	42727302	1.13154	14	8
HG02275	HG00717	42534031	42727302	1.03063	8	4
HG01863	HG00629	42519037	42727302	1.03846	9	4
HG01863	HG02275	42534031	42727302	1.03063	8	3
HG01863	HG00717	42534031	42727302	1.03063	8	3
HG02275	HG02367	42497458	42727302	1.07219	10	5
HG00357	HG02017	42497458	42727302	1.07219	10	5
HG00729	HG02136	42534031	42727302	1.03063	8	3
NA18749	NA18537	42461024	42727302	1.11818	13	7
HG01842	NA19747	42481506	42727302	1.10724	11	6
NA18757	NA19067	42534031	42727302	1.03063	8	4
HG02356	HG04206	42519037	42727302	1.03846	9	5
HG02356	HG00689	42519037	42727302	1.03846	9	4
NA19058	HG02425	42519037	42727302	1.03846	9	5
HG01618	HG02351	42519037	42727302	1.03846	9	5
HG00330	HG01528	42497458	42727302	1.07219	10	5
HG01063	HG00699	42481506	42727302	1.10724	11	6
HG01595	HG03897	42519037	42727302	1.03846	9	5
NA19058	HG01565	42497458	42727302	1.07219	10	6
HG03868	HG03812	42497458	42727302	1.07219	10	5
HG03868	HG02356	42519037	42727302	1.03846	9	3
HG03868	HG00699	42519037	42727302	1.03846	9	4
HG03868	HG03803	42497458	42727302	1.07219	10	4
HG03868	NA20896	42519037	42727302	1.03846	9	5
HG03910	NA19060	42497458	42727302	1.07219	10	4
NA20759	HG02373	42497458	42727302	1.07219	10	6
HG00275	HG00267	42497458	42727302	1.07219	10	5
HG04080	HG01168	42519037	42727302	1.03846	9	5
HG02389	HG01863	42519037	42727302	1.03846	9	5
NA20896	NA18567	42519037	42727302	1.03846	9	5
HG02401	HG03684	42519037	42727302	1.03846	9	5
HG00653	NA18971	42481506	42727302	1.10724	11	5
NA18946	NA18537	42497458	42727302	1.07219	10	6
HG01863	HG01089	42534031	42727302	1.03063	8	3
NA18611	NA18535	42534031	42727302	1.03063	8	4
NA18550	HG02075	42481506	42727302	1.10724	11	6
HG03780	HG03229	42519037	42727302	1.03846	9	4
HG03684	HG04141	42461024	42727302	1.11818	13	8
NA12004	HG03902	42461024	42727302	1.11818	13	7
HG01863	NA19060	42534031	42727302	1.03063	8	4
HG01927	HG00321	42497458	42727302	1.07219	10	5
HG00311	NA20797	42497458	42727302	1.07219	10	6
NA18543	HG03760	42497458	42727302	1.07219	10	6
HG03691	NA18537	42497458	42727302	1.07219	10	6
NA19678	HG01197	42519037	42727302	1.03846	9	5
HG02252	HG01060	42519037	42727302	1.03846	9	4
HG01589	HG02348	42497458	42727302	1.07219	10	6
HG01060	HG01624	42519037	42727302	1.03846	9	5
NA20896	HG00689	42519037	42727302	1.03846	9	4
NA19060	NA20504	42519037	42727302	1.03846	9	5
NA19060	HG02367	42534031	42727302	1.03063	8	4
HG00321	HG01624	42497458	42727302	1.07219	10	4
HG02156	NA18537	42519037	42727302	1.03846	9	3
HG00463	HG00653	42461024	42727302	1.11818	13	6
NA18544	HG00879	42481506	42727302	1.10724	11	5
HG01468	HG03711	42497458	42727302	1.07219	10	5
HG03235	NA19741	42497458	42727302	1.07219	10	6
NA12340	HG01248	42519037	42727302	1.03846	9	5
HG02275	HG01599	42519037	42727302	1.03846	9	5
HG00699	NA18535	42481506	42727302	1.10724	11	5
NA18567	HG00689	42519037	42727302	1.03846	9	4
NA18567	NA18560	42519037	42727302	1.03846	9	5
NA18567	HG02153	42470187	42727302	1.11329	12	6
NA18748	HG01980	42497458	42727302	1.07219	10	6
HG03897	NA18537	42519037	42727302	1.03846	9	5
NA18973	HG00596	42534031	42727302	1.03063	8	4
NA18749	HG00663	42534031	42727302	1.03063	8	4
NA19085	NA18537	42519037	42727302	1.03846	9	4
NA18543	NA18537	42519037	42727302	1.03846	9	5
HG01783	HG03868	42519037	42727302	1.03846	9	5
NA20896	HG02356	42519037	42727302	1.03846	9	5
NA20896	HG00699	42519037	42727302	1.03846	9	4
HG02367	NA19075	42534031	42727302	1.03063	8	4
HG00717	NA19075	42534031	42727302	1.03063	8	4
HG00717	NA18537	42497458	42727302	1.07219	10	6
HG00717	NA19060	42534031	42727302	1.03063	8	4
HG01863	HG02188	42534031	42727302	1.03063	8	4
HG03868	HG00689	42519037	42727302	1.03846	9	3
HG01528	HG00663	42497458	42727302	1.07219	10	6
HG04141	NA20853	42461024	42727302	1.11818	13	7
HG00282	HG00267	42519037	42727302	1.03846	9	3
NA18567	HG04206	42470187	42727302	1.11329	12	7
HG01859	HG03684	42519037	42727302	1.03846	9	4
HG02190	HG00177	42519037	42727302	1.03846	9	5
HG00717	NA18946	42461024	42727302	1.11818	13	6
HG00663	HG02188	42519037	42727302	1.03846	9	4
NA19732	NA19759	42461024	42727302	1.11818	13	6
NA18603	NA19060	42534031	42727302	1.03063	8	4
NA19747	HG00428	42534031	42727302	1.03063	8	4
HG00663	NA19747	42497458	42727302	1.07219	10	6
HG03812	HG02727	42470187	42727302	1.11329	12	6
HG00693	NA18537	42461024	42727302	1.11818	13	5
NA18537	NA19055	42497458	42727302	1.07219	10	4
HG00115	HG00272	42534031	42727302	1.03063	8	4
NA18567	HG00589	42461024	42727302	1.11818	13	8
NA18749	HG03691	42497458	42727302	1.07219	10	6
HG00181	HG00115	42497458	42727302	1.07219	10	5
HG00463	NA19732	42534031	42727302	1.03063	8	4
HG04141	HG00596	42470187	42727302	1.11329	12	7
HG00323	NA11918	42461024	42727302	1.11818	13	5
HG02050	HG03902	42461024	42727302	1.11818	13	6
HG00693	HG01599	42497458	42727302	1.07219	10	6
HG03868	HG04206	42519037	42727302	1.03846	9	5
NA21137	NA21122	42519037	42727302	1.03846	9	5
HG01599	NA18535	42519037	42727302	1.03846	9	5
HG01862	HG00629	42519037	42727302	1.03846	9	3
NA19006	NA18525	42519037	42750932	1.2467	10	5
HG00334	HG00321	42534031	42750932	1.23886	9	3
HG02164	NA19059	42534031	42750932	1.23886	9	3
HG00689	NA18560	42519037	42750932	1.2467	10	5
HG02658	HG00629	42519037	42750932	1.2467	10	5
HG02006	NA19747	42519037	42750932	1.2467	10	5
HG02401	HG00717	42534031	42750932	1.23886	9	3
HG02780	HG02186	42534031	42750932	1.23886	9	3
NA19085	NA19059	42519037	42750932	1.2467	10	2
HG02252	HG01852	42519037	42750932	1.2467	10	5
HG01927	HG01456	42481506	42750932	1.31548	12	6
HG03007	NA20853	42461024	42750932	1.32642	14	8
HG00436	NA18525	42461024	42750932	1.32642	14	7
NA12760	NA11920	42461024	42750932	1.32642	14	6
NA20896	NA18603	42519037	42750932	1.2467	10	5
HG00717	HG02367	42481506	42750932	1.31548	12	6
HG00463	HG02156	42534031	42750932	1.23886	9	4
NA19731	HG02146	42461024	42750932	1.32642	14	7
HG00281	NA12286	42519037	42750932	1.2467	10	5
HG00729	NA18535	42534031	42768414	1.41787	10	4
HG01595	NA19085	42481506	42768414	1.49448	13	6
NA18984	HG01142	42534031	42768414	1.41787	10	4
NA20321	HG02425	42519037	42768414	1.4257	11	5
HG03861	NA18949	42534031	42797606	1.47774	11	6
HG00311	NA19089	42497458	42797606	1.51931	13	8
HG02006	HG01980	42497458	42812891	1.53799	14	7
HG02252	HG00311	42461024	42812891	1.58398	17	8
NA18526	NA19089	42470187	42812891	1.57909	16	8
HG01861	HG02385	42497458	42812891	1.53799	14	8
HG00663	HG00437	42534031	42812891	1.49642	12	5
NA18611	NA19056	42534031	42821749	1.50569	13	5
HG00345	HG00373	42519037	42821749	1.51352	14	8
HG00345	HG00278	42519037	42821749	1.51352	14	4
HG00437	NA18535	42481506	42821749	1.58231	16	9
HG03866	HG03854	42563378	42871941	1.14792	16	9
HG01842	NA18560	42563378	42886285	1.15431	17	9
HG03897	HG02425	42563378	42886285	1.15431	17	8
NA19087	HG00729	42583738	42896333	1.07186	17	8
HG02150	NA19726	42583738	42896333	1.07186	17	9
HG01455	HG01927	42946846	43182319	1.04252	12	4
NA18548	HG00407	43318382	43484086	1.15603	10	6
HG01927	NA19732	43266050	43484086	1.27402	13	6
HG02179	NA19723	43318382	43484086	1.15603	10	6
HG02252	NA19657	43318382	43500623	1.20221	11	6
HG00533	HG03902	43318382	43529642	1.25829	13	8
HG03914	HG02727	43329784	43544893	1.19751	13	7
HG01049	HG04144	43429267	43664647	1.01884	15	7
NA19070	HG00445	43364473	43664647	1.08359	18	11
NA19731	NA19755	43443498	43686992	1.01442	15	5
HG01049	HG01161	43443498	43701176	1.05074	16	7
NA18749	NA19075	44456043	44788727	1.02392	16	8
NA19058	HG00428	44456043	44788727	1.02392	16	9
NA19059	HG00675	44483772	44788727	1.00232	13	7
HG01518	NA20787	44577142	44825274	1.02689	11	6
HG00383	HG00278	44556805	44837889	1.11656	13	5
NA12751	HG01182	44577142	44837889	1.08468	12	5
HG00383	HG01182	44505848	44837889	1.18642	15	8
HG00274	HG00383	44443810	44837889	1.29198	20	10
NA12751	HG00383	44456043	44857962	1.30373	20	4
HG02150	NA19723	44556805	44857962	1.13185	14	7
HG02040	HG00595	44556805	44857962	1.13185	14	8
HG01939	NA19762	44556805	44857962	1.13185	14	7
NA18570	NA18539	44527669	44857962	1.15017	15	8
HG02367	NA18645	44593310	44857962	1.0462	12	6
NA18570	HG02040	44527669	44857962	1.15017	15	7
HG00595	NA18539	44556805	44857962	1.13185	14	8
NA12751	NA06994	44443810	44857962	1.30727	21	7
NA06994	HG00274	44556805	44873060	1.14288	15	7
NA18545	NA19075	44577142	44981353	1.1518	17	10
NA06994	HG00383	44527669	45085829	1.20736	23	10
NA19782	NA19732	44609628	45144492	1.14337	22	8
HG00376	HG00176	45622705	46047971	1.02632	25	12
HG03018	HG02727	45634088	46059547	1.02263	25	8
NA21087	NA21104	45897624	46213522	1.17795	21	11
NA19467	NA19466	45941393	46213522	1.08341	20	9
HG02684	HG02688	45975681	46213522	1.00919	18	11
HG00180	HG00331	45941393	46213522	1.08341	20	10
HG00131	NA12286	45975681	46231750	1.01164	19	8
HG01140	HG02146	45941393	46244829	1.092	22	11
NA19731	HG02146	45941393	46270602	1.11525	24	9
NA19060	NA18984	45941393	46270602	1.11525	24	13
HG02597	HG04141	45975681	46270602	1.04103	22	11
HG01869	NA18943	45941393	46285074	1.12369	25	13
