HG02356	HG00596	19581331	19844492	1.04501	12	7
HG01121	HG01623	19593461	19860875	1.03849	12	5
HG03672	HG04107	19628132	19913726	1.03642	13	6
NA18980	HG04141	26197500	26448197	1.013	14	8
HG01869	NA19670	26245833	26508504	1.20474	12	7
NA18749	NA19055	26263683	26682711	1.38243	18	10
NA18526	HG02073	27087813	27231873	1.00255	7	4
HG01628	HG02215	27166408	27313103	1.01566	8	4
HG04017	NA18973	27449024	27664339	1.03584	12	6
HG00266	HG00373	27548094	27719198	1.06801	9	4
NA18995	NA19059	27615529	27734957	1.02057	7	3
NA20818	HG01779	27615529	27734957	1.02057	7	4
HG00436	NA19089	27564807	27734957	1.06164	9	4
HG00346	NA12748	27564807	27734957	1.06164	9	3
HG01098	NA12890	27615529	27734957	1.02057	7	3
HG00379	HG00137	27615529	27734957	1.02057	7	3
NA10847	NA20822	27631781	27760036	1.03252	8	4
NA18944	HG01811	27586680	27760036	1.09341	10	5
HG01927	HG01133	27631781	27772355	1.12006	9	4
HG00383	HG00373	27631781	27784403	1.19622	10	3
NA12760	NA12414	27705776	27900324	1.12672	14	8
HG01589	HG03611	27705776	27915677	1.14411	15	8
HG00115	NA20796	27749615	27927298	1.04674	13	6
HG02655	HG00097	27760061	27927298	1.03893	12	7
HG01173	HG00553	27822043	27984034	1.07785	10	5
HG02408	NA18539	27807237	27984034	1.10025	11	5
NA18953	NA11829	27822043	27984034	1.07785	10	5
HG03787	HG03234	27807237	27984034	1.10025	11	6
NA18961	NA18944	27793289	27984034	1.15762	12	6
HG03235	HG03711	27822043	27984034	1.07785	10	6
NA18543	NA19065	27793289	27984034	1.15762	12	6
HG01140	HG01133	27822043	27984034	1.07785	10	5
NA18749	HG00663	27793289	27984034	1.15762	12	6
HG00663	HG00566	27793289	27984034	1.15762	12	4
HG03304	HG03342	27822043	27984034	1.07785	10	5
HG02505	NA19455	27793289	27984034	1.15762	12	7
HG01618	HG00278	27822043	27984034	1.07785	10	5
HG01369	HG01369	27822043	28015322	1.18592	12	6
NA18621	NA18565	27807237	28027335	1.22872	14	7
HG01378	HG01695	27793289	28027335	1.2861	15	7
HG00180	HG00321	27793289	28058731	1.39601	17	9
NA18946	HG00629	36344302	36802547	1.01384	21	10
HG02122	HG03784	36415129	36802547	1.01038	20	8
NA18964	HG02265	36447032	36833896	1.01552	21	11
NA19064	NA18645	36447032	36833896	1.01552	21	9
NA18605	HG00654	36220764	36850803	1.03908	26	11
NA18964	NA19759	36344302	36850803	1.02991	24	13
NA18973	HG02188	36533942	36926198	1.0279	23	14
NA18621	HG02028	36533942	36926198	1.0279	23	7
HG00632	HG00879	36533942	36937505	1.034	24	10
NA18964	HG02082	36465696	36937505	1.10497	27	13
HG00463	HG00879	36533942	36937505	1.034	24	7
HG00463	HG00632	36533942	36937505	1.034	24	11
NA18999	HG00879	36533942	36937505	1.034	24	9
HG00463	NA18998	36512584	36937505	1.07817	25	9
HG03672	HG03844	36639421	36996498	1.01183	19	10
NA18629	NA19003	36917682	37228906	1.11895	16	9
HG01790	HG00560	36996598	37268501	1.05446	13	7
HG02147	HG01197	37108298	37368022	1.17467	14	6
NA18570	NA18525	37146603	37368022	1.14592	12	6
NA12873	NA20504	37209977	37409576	1.04379	12	6
HG01672	HG02364	37544245	37811224	1.12217	15	8
HG01133	HG01980	37528098	37811224	1.21394	16	7
NA19782	HG01121	37584352	37961266	1.10376	19	9
HG01923	HG02147	37658457	37973933	1.03995	15	6
HG02275	HG02147	44683261	44828267	1.04941	11	3
HG01510	HG01149	44628972	44845616	1.20041	17	9
HG02236	NA20513	44656768	44927864	1.2693	19	8
HG01923	HG02090	44933987	45158161	1.13376	17	6
HG01870	HG02047	45015177	45202600	1.03893	16	7
HG00371	NA20516	45658035	45988612	1.26128	19	9
HG00281	HG00171	45772592	46014959	1.00525	14	6
HG04186	HG01066	45693443	46014959	1.0259	18	10
HG01695	HG00137	45817388	46026440	1.01258	13	8
NA18968	HG02375	45833924	46026440	1.00778	12	7
HG01161	NA19741	45833924	46026440	1.00778	12	7
NA19679	HG01066	45833924	46026440	1.00778	12	7
HG01923	HG01980	45817388	46026440	1.01258	13	6
HG02737	NA20516	45817388	46046477	1.03263	14	8
NA12814	HG03925	45719497	46087110	1.05104	20	11
HG03910	HG01149	45878439	46321994	1.06786	20	10
HG00457	NA18603	46160991	46525178	1.05419	15	8
HG01948	HG02265	46160991	46525178	1.05419	15	7
NA21101	HG02367	46306875	46649805	1.0294	15	8
NA21137	NA21108	46332134	46649805	1.00081	13	7
NA12751	NA20581	46332134	46649805	1.00081	13	7
NA19060	NA19003	46332134	46710681	1.01253	16	6
NA18645	HG02687	46332134	46710681	1.01253	16	8
NA18626	NA18539	46306875	46710681	1.04113	18	7
HG03625	HG02733	46332134	46742486	1.01901	17	8
NA19060	NA18949	46306875	46764684	1.057	20	9
NA18570	HG00611	46322262	46781498	1.05699	20	9
HG00611	HG00629	46306875	46781498	1.06905	21	8
HG00611	HG00457	46322262	46781498	1.05699	20	9
NA18980	NA18645	46322262	46781498	1.05699	20	9
HG00632	NA19761	46332134	46781498	1.04046	19	8
HG00632	HG00629	46306875	46781498	1.06905	21	7
HG00338	NA19059	46332134	46802611	1.04936	20	9
HG00632	HG02733	46322262	46802611	1.06589	21	9
HG01861	HG02075	46322262	46818010	1.09075	22	8
NA18961	HG02364	46306875	46818010	1.10282	23	9
NA18610	HG02190	46332134	46818010	1.07422	21	8
HG00457	NA18610	46348020	46818010	1.02257	20	8
NA18544	HG02075	46306875	46818010	1.10282	23	7
HG00437	HG00583	46332134	46818010	1.07422	21	10
HG02367	NA18539	46332134	46818010	1.07422	21	9
HG02028	HG03663	46306875	46818010	1.10282	23	9
HG02389	NA19003	46332134	46818010	1.07422	21	8
NA19003	NA18949	46332134	46818010	1.07422	21	7
HG02367	NA18949	46348020	46818010	1.02257	20	7
HG03585	NA20282	46306875	46818010	1.10282	23	8
HG00867	NA18539	46348020	46818010	1.02257	20	8
HG00654	HG01251	46306875	46818010	1.10282	23	10
HG02224	HG03235	46348020	46818010	1.02257	20	9
HG00324	HG02215	46332134	46818010	1.07422	21	9
HG03585	HG02364	46394073	46839334	1.01425	19	7
HG00463	HG00629	46394073	46839334	1.01425	19	3
HG02389	HG00629	46394073	46839334	1.01425	19	7
NA18961	HG03926	46394073	46839334	1.01425	19	6
NA18757	HG01444	46394073	46839334	1.01425	19	5
HG02185	NA18620	46394073	46839334	1.01425	19	8
NA19064	HG01444	46394073	46839334	1.01425	19	6
HG02512	NA20899	46445002	46854935	1.01841	18	9
HG01948	NA20853	46417269	46854935	1.02851	19	6
HG01948	NA20828	46417269	46854935	1.02851	19	5
HG01948	HG02367	46417269	46854935	1.02851	19	5
HG01948	HG00729	46417269	46854935	1.02851	19	6
NA12340	NA20853	46417269	46854935	1.02851	19	9
NA12340	HG03870	46445002	46854935	1.01841	18	6
HG01806	HG03731	46445002	46854935	1.01841	18	8
HG00590	NA18539	46417269	46854935	1.02851	19	9
HG01948	HG02147	46417269	46854935	1.02851	19	5
HG00242	HG02058	46445002	46854935	1.01841	18	6
NA12340	HG03663	46445002	46854935	1.01841	18	7
NA12340	NA20828	46417269	46854935	1.02851	19	6
HG00452	HG00844	46445002	46854935	1.01841	18	4
HG03585	NA19055	46445002	46854935	1.01841	18	6
NA18629	HG02687	46417269	46854935	1.02851	19	9
NA18629	HG03832	46445002	46854935	1.01841	18	6
HG01456	NA19067	46445002	46854935	1.01841	18	7
HG03235	NA19669	46394073	46854935	1.08027	20	8
HG03235	HG00629	46394073	46854935	1.08027	20	7
HG03585	HG02050	46445002	46854935	1.01841	18	4
HG02224	HG01444	46394073	46854935	1.08027	20	7
HG00463	NA19055	46394073	46854935	1.08027	20	9
HG00729	NA19732	46394073	46854935	1.08027	20	7
HG03832	HG00629	46394073	46854935	1.08027	20	8
NA18621	HG02028	46445002	46854935	1.01841	18	7
NA18621	NA18995	46417269	46854935	1.02851	19	7
NA18999	HG02075	46417269	46854935	1.02851	19	6
HG00729	NA20853	46417269	46854935	1.02851	19	6
HG00729	NA20828	46417269	46854935	1.02851	19	5
HG03832	HG03692	46445002	46854935	1.01841	18	8
HG01456	HG02058	46445002	46854935	1.01841	18	5
NA12340	NA12286	46445002	46854935	1.01841	18	6
NA12340	HG01861	46445002	46854935	1.01841	18	6
HG01801	HG03663	46445002	46854935	1.01841	18	6
HG00463	NA18638	46417269	46854935	1.02851	19	6
HG00463	NA18539	46394073	46854935	1.08027	20	7
HG02147	NA20828	46417269	46854935	1.02851	19	6
HG00463	NA19058	46394073	46854935	1.08027	20	7
NA19651	HG03870	46394073	46854935	1.08027	20	9
NA12340	HG00560	46445002	46854935	1.01841	18	6
HG03625	HG00596	46417269	46854935	1.02851	19	7
NA19720	HG04182	46417269	46854935	1.02851	19	6
NA19720	NA18621	46417269	46854935	1.02851	19	6
HG01801	HG02374	46445002	46854935	1.01841	18	5
HG03922	NA20274	46394073	46854935	1.08027	20	7
NA12283	NA07048	46417269	46854935	1.02851	19	9
HG00611	HG03870	46394073	46854935	1.08027	20	9
HG03663	HG03692	46445002	46854935	1.01841	18	7
HG01861	HG00560	46445002	46854935	1.01841	18	5
HG00654	HG00867	46445002	46854935	1.01841	18	5
HG03803	NA18943	46445002	46854935	1.01841	18	7
HG03803	HG00879	46417269	46854935	1.02851	19	6
HG03896	HG01864	46445002	46854935	1.01841	18	7
HG04096	NA18998	46445002	46854935	1.01841	18	6
HG01599	HG00867	46445002	46854935	1.01841	18	6
HG02299	HG02265	46445002	46854935	1.01841	18	6
HG02299	HG03663	46445002	46854935	1.01841	18	7
HG03926	HG02687	46394073	46854935	1.08027	20	10
HG04107	HG03977	46417269	46854935	1.02851	19	8
NA20502	NA19091	46394073	46854935	1.08027	20	11
NA19058	NA12340	46445002	46854935	1.01841	18	6
HG03585	HG02082	46445002	46854935	1.01841	18	6
NA12286	HG02186	46445002	46854935	1.01841	18	7
HG01599	HG00242	46417269	46854935	1.02851	19	5
NA18621	HG03870	46394073	46854935	1.08027	20	6
NA18621	NA20282	46445002	46854935	1.01841	18	8
NA18621	HG02299	46445002	46854935	1.01841	18	5
HG03235	HG02058	46394073	46854935	1.08027	20	6
NA12286	HG00867	46445002	46854935	1.01841	18	7
HG01869	HG00844	46394073	46854935	1.08027	20	7
HG02687	HG03977	46417269	46854935	1.02851	19	10
HG01599	NA18645	46445002	46854935	1.01841	18	6
HG00338	HG02265	46445002	46854935	1.01841	18	6
HG00338	HG03663	46445002	46854935	1.01841	18	9
NA18567	NA12340	46445002	46854935	1.01841	18	7
HG00611	NA20828	46417269	46854935	1.02851	19	8
NA18629	HG02128	46417269	46854935	1.02851	19	5
NA19723	HG00560	46445002	46854935	1.01841	18	4
NA18621	HG02367	46394073	46854935	1.08027	20	7
NA18621	HG00729	46394073	46854935	1.08027	20	6
NA18621	HG00879	46394073	46854935	1.08027	20	7
NA18603	HG02375	46417269	46854935	1.02851	19	5
NA18603	HG04182	46417269	46854935	1.02851	19	7
NA18603	NA19678	46417269	46854935	1.02851	19	8
HG01869	HG00338	46445002	46854935	1.01841	18	9
NA18621	HG01168	46417269	46854935	1.02851	19	8
HG03007	HG04107	46417269	46854935	1.02851	19	7
NA18621	HG03663	46445002	46854935	1.01841	18	4
HG02367	HG00879	46445002	46854935	1.01841	18	5
NA18543	HG02185	46394073	46854935	1.08027	20	6
HG00867	HG00629	46394073	46854935	1.08027	20	6
HG00654	HG02058	46445002	46854935	1.01841	18	5
HG00867	HG03663	46445002	46854935	1.01841	18	6
NA18603	NA18621	46394073	46854935	1.08027	20	8
NA18620	HG02364	46394073	46854935	1.08027	20	7
NA18757	HG02364	46394073	46854935	1.08027	20	5
NA18544	HG02687	46417269	46854935	1.02851	19	9
HG01596	NA18539	46417269	46854935	1.02851	19	7
NA18961	NA18949	46394073	46854935	1.08027	20	9
NA18961	HG02164	46445002	46854935	1.01841	18	6
NA18961	NA19003	46394073	46854935	1.08027	20	7
NA18961	NA18543	46445002	46854935	1.01841	18	5
NA18543	HG03663	46445002	46854935	1.01841	18	8
HG03896	HG03866	46445002	46854935	1.01841	18	4
HG00611	HG02147	46417269	46854935	1.02851	19	7
NA18757	HG00629	46394073	46854935	1.08027	20	5
HG02186	HG03663	46445002	46854935	1.01841	18	5
NA12286	HG02367	46445002	46854935	1.01841	18	7
HG00611	NA19651	46394073	46854935	1.08027	20	8
HG00879	HG03663	46445002	46854935	1.01841	18	5
HG02397	HG01872	46417269	46854935	1.02851	19	7
HG03585	HG01599	46445002	46854935	1.01841	18	6
HG02600	HG01855	46417269	46854935	1.02851	19	7
HG02367	NA20828	46417269	46854935	1.02851	19	5
HG02299	HG00879	46445002	46854935	1.01841	18	5
NA19058	HG00560	46445002	46854935	1.01841	18	6
NA18740	HG00879	46394073	46854935	1.08027	20	6
NA18543	NA18582	46394073	46854935	1.08027	20	8
NA18543	HG02367	46364191	46854935	1.12668	21	8
HG02082	HG03663	46417269	46854935	1.02851	19	6
HG01596	HG00596	46417269	46854935	1.02851	19	6
HG03585	NA18543	46394073	46854935	1.08027	20	11
HG03585	NA18603	46394073	46854935	1.08027	20	8
HG02367	NA20853	46417269	46854935	1.02851	19	5
HG00457	HG00592	46364191	46854935	1.12668	21	10
HG00452	HG01859	46417269	46854935	1.02851	19	5
NA19060	HG02687	46394073	46854935	1.08027	20	8
NA12748	HG00701	46394073	46854935	1.08027	20	8
HG01872	HG01599	46417269	46854935	1.02851	19	8
NA18544	NA18949	46394073	46854935	1.08027	20	7
NA18544	NA19056	46417269	46854935	1.02851	19	8
NA18961	HG01140	46445002	46854935	1.01841	18	5
NA18621	NA18943	46417269	46854935	1.02851	19	5
NA18621	NA11931	46417269	46854935	1.02851	19	8
HG01869	HG02128	46394073	46854935	1.08027	20	6
HG02186	HG02058	46445002	46854935	1.01841	18	5
HG00589	NA19651	46417269	46854935	1.02851	19	11
NA18740	HG02058	46445002	46854935	1.01841	18	6
NA18740	HG01444	46417269	46854935	1.02851	19	4
HG03926	NA19060	46394073	46854935	1.08027	20	11
NA18603	NA18740	46364191	46854935	1.12668	21	9
NA18603	NA18995	46417269	46854935	1.02851	19	6
NA19003	HG03773	46417269	46854935	1.02851	19	7
NA19003	NA20910	46348020	46854935	1.36883	22	9
HG01859	HG00844	46394073	46854935	1.08027	20	7
HG01790	HG01872	46417269	46854935	1.02851	19	5
HG03235	HG00867	46394073	46854935	1.08027	20	6
HG03832	NA19064	46394073	46854935	1.08027	20	8
HG00867	HG01456	46445002	46854935	1.01841	18	6
HG00867	HG02050	46445002	46854935	1.01841	18	5
HG02185	NA18582	46394073	46854935	1.08027	20	9
HG02185	HG01872	46417269	46854935	1.02851	19	5
HG02185	HG02128	46417269	46854935	1.02851	19	7
NA18570	HG01861	46445002	46854935	1.01841	18	5
HG02028	HG02351	46417269	46854935	1.02851	19	8
NA21111	NA19078	46445002	46854935	1.01841	18	5
HG00614	NA18998	46445002	46854935	1.01841	18	7
HG01790	HG02185	46417269	46854935	1.02851	19	6
NA19056	HG02687	46394073	46854935	1.08027	20	11
NA19003	HG02733	46394073	46854935	1.08027	20	9
NA19003	HG02050	46445002	46854935	1.01841	18	6
NA18995	HG04182	46417269	46854935	1.02851	19	7
NA18526	HG00629	46394073	46854935	1.08027	20	8
NA18582	HG02082	46445002	46854935	1.01841	18	8
HG03585	HG02185	46394073	46854935	1.08027	20	9
HG03803	NA18740	46417269	46854935	1.02851	19	7
HG00566	HG03731	46445002	46854935	1.01841	18	7
HG00566	HG02367	46394073	46854935	1.08027	20	8
HG02252	NA19723	46417269	46854935	1.02851	19	5
NA18582	HG02147	46394073	46854935	1.08027	20	9
HG00566	HG02147	46445002	46854935	1.01841	18	6
NA19060	HG00242	46417269	46854935	1.02851	19	8
NA20282	HG02364	46394073	46854935	1.08027	20	6
HG03832	HG00566	46445002	46854935	1.01841	18	7
HG03832	HG02028	46445002	46854935	1.01841	18	7
NA12286	HG03663	46445002	46854935	1.01841	18	6
HG00867	HG02058	46394073	46854935	1.08027	20	5
HG00611	HG01948	46417269	46854935	1.02851	19	6
NA12286	HG04134	46445002	46854935	1.01841	18	8
NA12286	HG03870	46364191	46854935	1.12668	21	9
NA12286	NA20899	46445002	46854935	1.01841	18	9
HG02128	HG00629	46394073	46854935	1.08027	20	4
HG01872	HG00428	46394073	46854935	1.08027	20	9
HG00566	HG02028	46417269	46854935	1.02851	19	7
HG01861	NA19723	46445002	46854935	1.01841	18	4
NA18579	NA19055	46445002	46854935	1.01841	18	5
NA11931	HG01168	46417269	46854935	1.02851	19	6
NA12340	HG01948	46417269	46854935	1.02851	19	7
NA12340	HG02367	46417269	46854935	1.02851	19	6
HG02185	HG00729	46445002	46854935	1.01841	18	5
HG02185	HG00879	46364191	46854935	1.12668	21	8
NA18603	HG03625	46394073	46854935	1.08027	20	8
HG01801	NA18543	46445002	46854935	1.01841	18	5
HG01801	NA12340	46445002	46854935	1.01841	18	6
NA12748	HG02224	46417269	46854935	1.02851	19	7
HG03585	NA18740	46445002	46854935	1.01841	18	6
HG02128	NA19064	46394073	46854935	1.08027	20	7
NA18749	HG03896	46394073	46854935	1.08027	20	7
NA18543	HG03896	46445002	46854935	1.01841	18	5
HG02058	NA19067	46394073	46854935	1.08027	20	7
HG02186	HG01456	46394073	46854935	1.08027	20	7
HG03731	NA18620	46394073	46854935	1.08027	20	7
NA18567	HG03866	46445002	46854935	1.01841	18	6
HG00867	NA18582	46417269	46854935	1.02851	19	8
HG00867	HG00242	46445002	46854935	1.01841	18	8
HG02512	HG03731	46445002	46854935	1.01841	18	7
HG02512	HG04096	46445002	46854935	1.01841	18	9
NA20828	NA20853	46417269	46854935	1.02851	19	7
NA18943	NA18946	46394073	46854935	1.08027	20	5
NA19064	HG00629	46394073	46854935	1.08027	20	7
NA12340	HG00729	46417269	46854935	1.02851	19	6
NA12340	HG02050	46394073	46854935	1.08027	20	8
HG00452	HG00566	46445002	46854935	1.01841	18	6
NA19723	NA18969	46445002	46854935	1.01841	18	5
NA20899	NA20828	46417269	46854935	1.02851	19	7
HG04186	HG00151	46417269	46854935	1.02851	19	6
HG01801	HG04134	46445002	46865801	1.03262	19	10
HG01948	HG02075	46417269	46865801	1.04273	20	7
HG01948	HG01437	46417269	46865801	1.04273	20	7
HG03856	HG00879	46445002	46865801	1.03262	19	7
HG02351	NA19726	46417269	46865801	1.04273	20	8
NA19074	HG02050	46445002	46865801	1.03262	19	6
HG01790	HG01599	46417269	46865801	1.04273	20	8
HG03844	HG02733	46445002	46865801	1.03262	19	9
NA18964	NA18629	46417269	46865801	1.04273	20	10
NA18964	HG00629	46445002	46865801	1.03262	19	7
HG00566	HG02075	46445002	46865801	1.03262	19	7
HG00566	NA19059	46445002	46865801	1.03262	19	7
NA18621	HG00566	46394073	46865801	1.09449	21	6
HG00729	NA19075	46417269	46865801	1.04273	20	9
HG00729	HG00629	46394073	46865801	1.09449	21	6
HG00729	HG02727	46417269	46865801	1.04273	20	9
HG00729	HG02147	46417269	46865801	1.04273	20	5
HG03856	HG02186	46445002	46865801	1.03262	19	6
HG00281	NA19761	46394073	46865801	1.09449	21	10
HG01801	HG02075	46445002	46865801	1.03262	19	6
NA19720	NA19087	46394073	46865801	1.09449	21	6
HG03607	NA19761	46417269	46865801	1.04273	20	8
HG01806	HG03607	46445002	46865801	1.03262	19	8
HG03792	HG04118	46445002	46865801	1.03262	19	6
NA18629	HG00566	46445002	46865801	1.03262	19	7
NA18526	HG01173	46445002	46865801	1.03262	19	9
HG00242	HG02050	46445002	46865801	1.03262	19	7
HG00593	NA18621	46417269	46865801	1.04273	20	8
NA18961	HG02252	46394073	46865801	1.09449	21	6
NA18610	HG01284	46445002	46865801	1.03262	19	7
HG02190	HG03870	46394073	46865801	1.09449	21	6
HG02190	NA20534	46394073	46865801	1.09449	21	7
HG02190	HG03663	46445002	46865801	1.03262	19	7
NA19087	HG03844	46445002	46865801	1.03262	19	7
HG02385	HG00629	46394073	46865801	1.09449	21	6
NA18621	HG03692	46445002	46865801	1.03262	19	9
HG03593	HG00879	46394073	46865801	1.09449	21	6
NA20896	HG01695	46417269	46865801	1.04273	20	8
HG00457	NA19064	46394073	46865801	1.09449	21	10
NA18629	HG00257	46417269	46865801	1.04273	20	8
HG01806	HG00177	46445002	46865801	1.03262	19	9
HG01801	NA18620	46364191	46865801	1.14089	22	7
NA18603	HG01597	46417269	46865801	1.04273	20	7
NA18610	NA19078	46394073	46865801	1.09449	21	7
HG02367	HG02733	46394073	46865801	1.09449	21	10
HG02367	NA19761	46394073	46865801	1.09449	21	9
NA18620	HG03692	46445002	46865801	1.03262	19	8
HG03896	NA20282	46445002	46865801	1.03262	19	7
NA18620	HG02075	46445002	46865801	1.03262	19	6
NA18620	NA19059	46445002	46865801	1.03262	19	7
HG02186	HG01867	46394073	46865801	1.09449	21	9
NA19089	NA18946	46417269	46865801	1.04273	20	6
HG03585	NA18999	46445002	46865801	1.03262	19	8
HG02367	NA19075	46417269	46865801	1.04273	20	6
HG02367	HG00629	46394073	46865801	1.09449	21	7
HG00267	NA19669	46417269	46865801	1.04273	20	8
NA19087	HG03896	46394073	46865801	1.09449	21	7
NA11931	NA19074	46417269	46865801	1.04273	20	6
HG01861	HG04134	46445002	46865801	1.03262	19	8
HG01923	NA19731	46417269	46865801	1.04273	20	7
NA12156	HG02727	46332134	46865801	1.43469	24	12
NA18570	NA18526	46394073	46865801	1.09449	21	8
HG00566	NA18620	46445002	46865801	1.03262	19	8
HG03856	HG04038	46445002	46865801	1.03262	19	10
HG03856	NA20282	46445002	46865801	1.03262	19	9
NA12748	HG02783	46417269	46865801	1.04273	20	7
NA21111	HG04118	46445002	46865801	1.03262	19	7
HG02367	HG02147	46417269	46865801	1.04273	20	4
NA19720	HG03896	46394073	46865801	1.09449	21	5
HG00566	HG03692	46445002	46865801	1.03262	19	9
HG00566	HG03870	46394073	46865801	1.09449	21	7
HG00566	HG03663	46445002	46865801	1.03262	19	7
HG00566	NA12878	46445002	46865801	1.03262	19	9
HG00566	HG02190	46394073	46865801	1.09449	21	9
NA20896	HG02733	46417269	46865801	1.04273	20	8
NA12286	HG02075	46445002	46865801	1.03262	19	5
HG03585	NA18620	46394073	46865801	1.09449	21	9
HG03926	HG02185	46445002	46865801	1.03262	19	9
HG00457	HG00729	46394073	46865801	1.09449	21	7
HG00457	HG02050	46445002	46865801	1.03262	19	6
NA12340	NA19723	46417269	46865801	1.04273	20	6
NA12144	NA21123	46445002	46865801	1.03262	19	9
HG02186	HG00879	46445002	46865801	1.03262	19	4
NA18757	HG01867	46417269	46865801	1.04273	20	9
HG01801	HG00566	46445002	46865801	1.03262	19	7
HG00693	HG03235	46394073	46865801	1.09449	21	8
NA12878	NA18620	46445002	46865801	1.03262	19	9
HG01695	HG02733	46394073	46865801	1.09449	21	11
NA19059	NA19726	46445002	46865801	1.03262	19	6
NA19761	HG02147	46445002	46865801	1.03262	19	7
HG03896	HG03692	46445002	46865801	1.03262	19	7
HG00338	HG00879	46445002	46865801	1.03262	19	8
HG04182	NA19726	46417269	46865801	1.04273	20	7
NA18629	HG03870	46445002	46880083	1.055	20	6
HG02147	NA20853	46394073	46880083	1.11686	22	10
NA19055	NA18969	46394073	46880083	1.11686	22	8
HG01599	HG02050	46445002	46880083	1.055	20	6
NA18603	HG02185	46394073	46880083	1.11686	22	8
HG02367	HG03870	46394073	46880083	1.11686	22	6
HG02028	NA20282	46445002	46880083	1.055	20	8
NA20282	HG03663	46445002	46880083	1.055	20	6
NA20282	HG03870	46364191	46880083	1.16327	23	9
HG03896	HG03663	46445002	46880083	1.055	20	6
NA21111	HG02050	46394073	46880083	1.11686	22	9
HG02128	HG03870	46394073	46880083	1.11686	22	6
HG03870	HG00629	46394073	46880083	1.11686	22	7
HG00699	HG02147	46417269	46880083	1.0651	21	9
HG04096	NA21118	46445002	46880083	1.055	20	8
HG01801	NA12286	46364191	46880083	1.16327	23	8
HG02185	HG01599	46417269	46880083	1.0651	21	9
HG02128	HG02367	46394073	46880083	1.11686	22	7
HG00596	NA20828	46445002	46880083	1.055	20	5
HG01806	NA20867	46417269	46891724	1.08267	22	10
NA18629	HG03663	46417269	46891724	1.08267	22	4
HG02128	HG02687	46394073	46891724	1.13443	23	11
HG02028	NA21142	46445002	46891724	1.07257	21	7
HG00338	HG02367	46445002	46891724	1.07257	21	9
HG02367	HG03663	46306875	46891724	1.50324	28	9
HG02299	HG00338	46394073	46891724	1.13443	23	10
HG01168	HG00428	46417269	46891724	1.08267	22	8
HG01801	HG02367	46445002	46891724	1.07257	21	8
HG02299	HG02367	46445002	46904952	1.11582	22	7
NA18629	NA19059	46445002	46904952	1.11582	22	8
HG00351	HG00629	46394073	46904952	1.17768	24	9
HG00729	NA19064	46394073	46904952	1.17768	24	10
HG03663	HG03870	46445002	46904952	1.11582	22	5
NA18629	HG02190	46445002	46904952	1.11582	22	7
NA18629	HG02028	46445002	46904952	1.11582	22	9
NA18629	NA18621	46445002	46904952	1.11582	22	6
NA18567	NA19059	46445002	46904952	1.11582	22	5
HG00867	HG02186	46445002	46904952	1.11582	22	7
NA18621	HG02075	46445002	46904952	1.11582	22	9
NA18621	NA19059	46445002	46904952	1.11582	22	7
NA12156	NA19726	46445002	46904952	1.11582	22	9
HG01173	HG02367	46445002	46904952	1.11582	22	10
NA19003	HG02375	46417269	46904952	1.12592	23	9
HG02075	NA19059	46445002	46904952	1.11582	22	8
HG00593	HG00629	46487528	46919424	1.07731	22	8
HG00463	HG00560	46487528	46919424	1.07731	22	6
HG00428	HG02136	46507411	46919424	1.05496	21	5
HG02299	HG02136	46445002	46919424	1.25518	23	9
HG00593	HG02082	46507411	46927664	1.14397	22	8
HG00729	HG00879	46394073	46927664	1.40606	26	8
NA18621	HG04182	46417269	46927664	1.3543	25	10
HG00583	HG02688	46487528	46927664	1.16633	23	12
HG03717	HG02040	46445002	46927664	1.3442	24	11
HG01842	HG02146	46507411	46927664	1.14397	22	11
NA18740	HG02367	46487528	46927664	1.16633	23	10
NA18740	HG00729	46394073	46927664	1.40606	26	11
NA12156	NA19059	46445002	46927664	1.3442	24	11
HG02186	NA18638	46487528	46927664	1.16633	23	8
NA19089	HG00729	46487528	46947537	1.23452	24	9
NA18629	HG02075	46417269	46947537	1.4225	26	10
HG02367	HG00729	46417269	46947537	1.4225	26	6
HG04107	NA12878	46394073	46947537	1.47426	27	14
HG02156	HG02075	46487528	46958884	1.24109	25	10
HG02156	NA19059	46507411	46958884	1.21874	24	8
HG03593	HG00729	46394073	47003022	1.52768	32	12
HG03703	HG03870	47126152	47604319	1.01855	26	11
NA21087	HG03787	47140127	47604319	1.00494	25	14
HG01863	HG00351	47140127	47604319	1.00494	25	15
HG01923	NA18740	47140127	47604319	1.00494	25	11
NA18961	NA18582	47140127	47604319	1.00494	25	13
NA18582	HG03663	47140127	47604319	1.00494	25	13
NA18946	NA18942	47140127	47604319	1.00494	25	8
NA20896	NA20869	47140127	47631665	1.01155	27	12
HG00282	NA19058	47140127	47631665	1.01155	27	14
HG03864	NA18995	47140127	47631665	1.01155	27	13
HG01497	HG01105	48502152	48724681	1.12893	13	6
HG02278	HG02090	48611088	48763054	1.26786	11	6
HG02141	NA18957	48551536	48763054	1.32089	14	7
NA21133	HG02649	48611088	48763054	1.26786	11	5
NA12414	NA20531	48611088	48763054	1.26786	11	6
NA18609	NA18747	48611088	48763054	1.26786	11	6
NA19003	HG01437	48622005	48763054	1.26035	10	5
NA21101	HG02597	48622005	48770750	1.27455	11	5
NA11995	HG00272	48639116	48798010	1.27695	12	6
HG01855	NA18959	48653583	48798010	1.02298	11	6
NA12005	NA20910	48653583	48798010	1.02298	11	6
HG00267	NA11995	48611088	48798010	1.30819	14	8
HG04006	HG03854	48622005	48809320	1.30491	14	7
HG01348	HG04183	48622005	48809320	1.30491	14	7
HG01528	HG02215	48674610	48835744	1.13815	13	7
HG03691	HG01173	48688503	48874153	1.19397	15	7
HG04107	HG00239	48716235	48908647	1.01158	16	4
HG03007	HG04107	48716235	48908647	1.01158	16	6
HG04107	HG01500	48716235	48925967	1.01406	17	9
HG04107	HG00180	48716235	48925967	1.01406	17	9
HG01500	NA20512	48716235	48925967	1.01406	17	8
NA12156	NA12748	48716235	48925967	1.01406	17	7
NA20861	HG00272	48716235	48925967	1.01406	17	7
HG00372	NA20821	48716235	48925967	1.01406	17	9
NA20530	HG03866	48716235	48925967	1.01406	17	9
HG00180	HG00239	48716235	48925967	1.01406	17	9
HG01673	NA11918	48716235	48925967	1.01406	17	9
HG01695	HG00272	48716235	48974939	1.30925	20	12
HG00463	HG00583	48716235	48974939	1.30925	20	11
NA18961	NA19003	48716235	49005730	1.37321	23	13
HG02275	HG02150	48763118	49054563	1.0795	24	11
HG01497	HG01348	48785863	49059082	1.05275	23	8
HG00463	NA18539	49363773	49584408	1.05705	22	12
HG00463	NA19091	49425605	49659429	1.04523	24	12
HG02116	HG00437	49512652	49670467	1.11519	17	8
NA18544	NA18537	49425605	49680775	1.26929	26	12
HG00463	HG01806	49504415	49680775	1.14276	19	9
HG01923	NA19759	49504415	49680775	1.14276	19	7
NA18627	HG00867	49491123	49686873	1.22821	21	9
HG00371	HG04194	49504415	49686873	1.20858	20	9
HG04210	HG03672	49504415	49686873	1.20858	20	6
NA18740	HG01444	49504415	49686873	1.20858	20	7
HG02076	HG00867	49504415	49686873	1.20858	20	9
HG02275	NA19657	49504415	49686873	1.20858	20	9
NA19732	NA19761	49504415	49686873	1.20858	20	8
HG03394	HG02974	49468937	49695708	1.32025	24	12
HG00357	HG00272	49504415	49695708	1.26468	21	7
HG02116	HG03018	49539280	49695708	1.02332	17	8
NA18582	HG02367	49425605	49695708	1.39121	28	11
HG00867	HG00437	49504415	49695708	1.26468	21	6
NA18632	HG00457	49546453	49702911	1.0441	17	7
NA18548	NA18535	49553353	49702911	1.03838	16	9
HG04211	NA18620	49553353	49702911	1.03838	16	8
NA18740	NA18535	49539280	49702911	1.05152	18	9
HG00357	HG00315	49553353	49702911	1.03838	16	5
NA19759	HG01565	49539280	49702911	1.05152	18	9
HG00717	NA18627	49504415	49702911	1.29289	22	5
HG02252	NA19761	49431702	49731533	1.46823	30	16
NA19435	NA19468	49446998	49731533	1.44398	29	13
NA18980	NA18942	49539280	49751908	1.1937	22	9
NA19752	NA19657	49553353	49751908	1.18056	20	8
NA19732	NA19771	49561521	49764257	1.02128	20	9
HG03470	HG03484	49569013	49771965	1.02443	20	8
NA18748	HG01867	49561521	49771965	1.03345	21	12
HG02252	NA19732	49569013	49771965	1.02443	20	7
NA19759	NA19726	49504415	49771965	1.58081	28	10
NA19428	NA19394	49569013	49771965	1.02443	20	11
NA18605	HG01444	49569013	49771965	1.02443	20	9
HG00867	HG00879	49539280	49771965	1.33944	24	9
HG01435	NA19732	49539280	49790537	1.47553	26	12
NA19732	HG01121	49561521	49790537	1.16953	23	8
HG01121	NA19771	49569013	49790537	1.16051	22	12
HG00315	HG00278	49569013	49790537	1.16051	22	9
NA12156	HG00338	49594557	49790537	1.01932	19	10
HG00328	HG01121	49626384	49823082	1.27018	19	9
NA19731	NA19732	49634914	49823082	1.26607	18	8
HG00611	HG02122	49634914	49823082	1.26607	18	10
HG02252	HG01121	49634914	49823082	1.26607	18	7
HG03702	HG02727	49680781	49861619	1.26158	17	9
HG01308	HG01061	49742522	49861619	1.0436	11	6
HG02252	HG02277	49742522	49861619	1.0436	11	6
HG01927	HG02278	49764369	50077531	1.25998	21	9
NA18582	HG00629	49783510	50106458	1.14667	21	13
HG02252	HG02150	49764369	50347045	1.6517	38	17
